(kicad_pcb (version 20171130) (host pcbnew "(5.1.9)-1")

  (general
    (thickness 1.6)
    (drawings 4)
    (tracks 949)
    (zones 0)
    (modules 349)
    (nets 277)
  )

  (page A4)
  (layers
    (0 F.Cu signal)
    (31 B.Cu signal hide)
    (32 B.Adhes user hide)
    (33 F.Adhes user hide)
    (34 B.Paste user hide)
    (35 F.Paste user hide)
    (36 B.SilkS user hide)
    (37 F.SilkS user hide)
    (38 B.Mask user hide)
    (39 F.Mask user hide)
    (40 Dwgs.User user hide)
    (41 Cmts.User user hide)
    (42 Eco1.User user hide)
    (43 Eco2.User user hide)
    (44 Edge.Cuts user hide)
    (45 Margin user hide)
    (46 B.CrtYd user hide)
    (47 F.CrtYd user hide)
    (48 B.Fab user hide)
    (49 F.Fab user hide)
  )

  (setup
    (last_trace_width 0.25)
    (trace_clearance 0.2)
    (zone_clearance 0.508)
    (zone_45_only no)
    (trace_min 0.2)
    (via_size 0.8)
    (via_drill 0.4)
    (via_min_size 0.4)
    (via_min_drill 0.3)
    (uvia_size 0.3)
    (uvia_drill 0.1)
    (uvias_allowed no)
    (uvia_min_size 0.2)
    (uvia_min_drill 0.1)
    (edge_width 0.1)
    (segment_width 0.2)
    (pcb_text_width 0.3)
    (pcb_text_size 1.5 1.5)
    (mod_edge_width 0.15)
    (mod_text_size 1 1)
    (mod_text_width 0.15)
    (pad_size 1.524 1.524)
    (pad_drill 0.762)
    (pad_to_mask_clearance 0)
    (aux_axis_origin 0 0)
    (visible_elements 7FFFF7FF)
    (pcbplotparams
      (layerselection 0x010fc_ffffffff)
      (usegerberextensions false)
      (usegerberattributes true)
      (usegerberadvancedattributes true)
      (creategerberjobfile true)
      (excludeedgelayer true)
      (linewidth 0.100000)
      (plotframeref false)
      (viasonmask false)
      (mode 1)
      (useauxorigin false)
      (hpglpennumber 1)
      (hpglpenspeed 20)
      (hpglpendiameter 15.000000)
      (psnegative false)
      (psa4output false)
      (plotreference true)
      (plotvalue true)
      (plotinvisibletext false)
      (padsonsilk false)
      (subtractmaskfromsilk false)
      (outputformat 1)
      (mirror false)
      (drillshape 0)
      (scaleselection 1)
      (outputdirectory "c:/temp/key1"))
  )

  (net 0 "")
  (net 1 "/Keyboard Keys/KEY_COL0")
  (net 2 "Net-(D2-Pad1)")
  (net 3 "Net-(D3-Pad1)")
  (net 4 "Net-(D4-Pad1)")
  (net 5 "Net-(D5-Pad1)")
  (net 6 "Net-(D6-Pad1)")
  (net 7 "/Keyboard Keys/KEY_COL1")
  (net 8 "Net-(D7-Pad1)")
  (net 9 "Net-(D8-Pad1)")
  (net 10 "Net-(D9-Pad1)")
  (net 11 "Net-(D10-Pad1)")
  (net 12 "Net-(D11-Pad1)")
  (net 13 "Net-(D12-Pad1)")
  (net 14 "/Keyboard Keys/KEY_ROW2")
  (net 15 "/Keyboard Keys/KEY_ROW3")
  (net 16 "/Keyboard Keys/KEY_ROW4")
  (net 17 "/Keyboard Keys/KEY_ROW5")
  (net 18 "/Keyboard Keys/KEY_ROW1")
  (net 19 "/Keyboard Keys/KEY_COL2")
  (net 20 "Net-(D13-Pad1)")
  (net 21 "Net-(D14-Pad1)")
  (net 22 "Net-(D15-Pad1)")
  (net 23 "Net-(D16-Pad1)")
  (net 24 "Net-(D17-Pad1)")
  (net 25 "Net-(D18-Pad1)")
  (net 26 "/Keyboard Keys/KEY_COL3")
  (net 27 "Net-(D19-Pad1)")
  (net 28 "Net-(D20-Pad1)")
  (net 29 "Net-(D21-Pad1)")
  (net 30 "Net-(D22-Pad1)")
  (net 31 "Net-(D23-Pad1)")
  (net 32 "Net-(D24-Pad1)")
  (net 33 GND)
  (net 34 "/Keyboard Keys/KEY_COL4")
  (net 35 "Net-(D25-Pad1)")
  (net 36 "Net-(D26-Pad1)")
  (net 37 "Net-(D27-Pad1)")
  (net 38 "Net-(D28-Pad1)")
  (net 39 "Net-(D29-Pad1)")
  (net 40 "Net-(D30-Pad1)")
  (net 41 "/Keyboard Keys/KEY_COL5")
  (net 42 "Net-(D31-Pad1)")
  (net 43 "Net-(D32-Pad1)")
  (net 44 "Net-(D33-Pad1)")
  (net 45 "Net-(D34-Pad1)")
  (net 46 "Net-(D35-Pad1)")
  (net 47 "Net-(D36-Pad1)")
  (net 48 "/Keyboard Keys/KEY_COL6")
  (net 49 "Net-(D37-Pad1)")
  (net 50 "Net-(D38-Pad1)")
  (net 51 "Net-(D39-Pad1)")
  (net 52 "Net-(D40-Pad1)")
  (net 53 "Net-(D41-Pad1)")
  (net 54 "Net-(D42-Pad1)")
  (net 55 "/Keyboard Keys/KEY_COL7")
  (net 56 "Net-(D43-Pad1)")
  (net 57 "Net-(D44-Pad1)")
  (net 58 "Net-(D45-Pad1)")
  (net 59 "Net-(D46-Pad1)")
  (net 60 "Net-(D47-Pad1)")
  (net 61 "Net-(D48-Pad1)")
  (net 62 "/Keyboard Keys/KEY_COL8")
  (net 63 "Net-(D49-Pad1)")
  (net 64 "Net-(D50-Pad1)")
  (net 65 "Net-(D51-Pad1)")
  (net 66 "Net-(D52-Pad1)")
  (net 67 "Net-(D53-Pad1)")
  (net 68 "Net-(D54-Pad1)")
  (net 69 "/Keyboard Keys/KEY_COL9")
  (net 70 "Net-(D55-Pad1)")
  (net 71 "Net-(D56-Pad1)")
  (net 72 "Net-(D57-Pad1)")
  (net 73 "Net-(D58-Pad1)")
  (net 74 "Net-(D59-Pad1)")
  (net 75 "Net-(D61-Pad1)")
  (net 76 "/Keyboard Keys/KEY_COL10")
  (net 77 "Net-(D62-Pad1)")
  (net 78 "Net-(D63-Pad1)")
  (net 79 "Net-(D64-Pad1)")
  (net 80 "Net-(D65-Pad1)")
  (net 81 "Net-(D66-Pad1)")
  (net 82 "/Keyboard Keys/KEY_COL11")
  (net 83 "Net-(D67-Pad1)")
  (net 84 "Net-(D68-Pad1)")
  (net 85 "Net-(D69-Pad1)")
  (net 86 "Net-(D70-Pad1)")
  (net 87 "Net-(D71-Pad1)")
  (net 88 "Net-(D72-Pad1)")
  (net 89 "/Keyboard Keys/KEY_ROW0")
  (net 90 "Net-(Backspace1-Pad2)")
  (net 91 "Net-(D73-Pad1)")
  (net 92 "Net-(D74-Pad1)")
  (net 93 "Net-(C1-Pad1)")
  (net 94 "Net-(CAPS1-Pad2)")
  (net 95 "/Keyboard Keys/KEY_COL12")
  (net 96 "Net-(D75-Pad1)")
  (net 97 "Net-(D76-Pad1)")
  (net 98 "Net-(D77-Pad1)")
  (net 99 "Net-(D78-Pad1)")
  (net 100 "/Keyboard Keys/KEY_COL13")
  (net 101 "Net-(D79-Pad1)")
  (net 102 "Net-(D80-Pad1)")
  (net 103 "Net-(D81-Pad1)")
  (net 104 "Net-(D82-Pad1)")
  (net 105 "Net-(D83-Pad1)")
  (net 106 "Net-(D84-Pad1)")
  (net 107 VCC_5V)
  (net 108 "Net-(C2-Pad1)")
  (net 109 "Net-(C3-Pad1)")
  (net 110 "Net-(C4-Pad1)")
  (net 111 "Net-(C5-Pad1)")
  (net 112 "Net-(C6-Pad1)")
  (net 113 "Net-(C7-Pad1)")
  (net 114 "Net-(C8-Pad1)")
  (net 115 "Net-(C9-Pad1)")
  (net 116 "Net-(C10-Pad1)")
  (net 117 "Net-(D85-Pad1)")
  (net 118 LED_VDD)
  (net 119 "Net-(D86-Pad1)")
  (net 120 "Net-(D87-Pad1)")
  (net 121 "Net-(D89-Pad1)")
  (net 122 "Net-(D90-Pad1)")
  (net 123 "Net-(D91-Pad1)")
  (net 124 "Net-(D92-Pad1)")
  (net 125 "Net-(D93-Pad1)")
  (net 126 "Net-(C11-Pad1)")
  (net 127 "Net-(C12-Pad1)")
  (net 128 "Net-(C13-Pad1)")
  (net 129 "Net-(C14-Pad1)")
  (net 130 "Net-(C15-Pad1)")
  (net 131 "Net-(C16-Pad1)")
  (net 132 "Net-(C17-Pad1)")
  (net 133 "Net-(C18-Pad1)")
  (net 134 "Net-(C19-Pad1)")
  (net 135 "Net-(C20-Pad1)")
  (net 136 "Net-(C21-Pad1)")
  (net 137 "Net-(C22-Pad1)")
  (net 138 "Net-(C23-Pad1)")
  (net 139 "Net-(C24-Pad1)")
  (net 140 "Net-(C25-Pad1)")
  (net 141 "Net-(C26-Pad1)")
  (net 142 "Net-(C27-Pad1)")
  (net 143 "Net-(C28-Pad1)")
  (net 144 "Net-(C29-Pad1)")
  (net 145 "Net-(C30-Pad1)")
  (net 146 "Net-(C31-Pad1)")
  (net 147 "Net-(C32-Pad1)")
  (net 148 "Net-(C33-Pad1)")
  (net 149 "Net-(C34-Pad1)")
  (net 150 "Net-(C35-Pad1)")
  (net 151 "Net-(C36-Pad1)")
  (net 152 "Net-(C37-Pad1)")
  (net 153 "Net-(C38-Pad1)")
  (net 154 "Net-(C39-Pad1)")
  (net 155 "Net-(C40-Pad1)")
  (net 156 "Net-(C41-Pad1)")
  (net 157 "Net-(C42-Pad1)")
  (net 158 "Net-(C43-Pad1)")
  (net 159 "Net-(C44-Pad1)")
  (net 160 "Net-(C45-Pad1)")
  (net 161 "Net-(C46-Pad1)")
  (net 162 "Net-(C47-Pad1)")
  (net 163 "Net-(C48-Pad1)")
  (net 164 "Net-(C49-Pad1)")
  (net 165 "Net-(C50-Pad1)")
  (net 166 "Net-(C51-Pad1)")
  (net 167 "Net-(C52-Pad1)")
  (net 168 "Net-(C53-Pad1)")
  (net 169 "Net-(C54-Pad1)")
  (net 170 "Net-(C55-Pad1)")
  (net 171 "Net-(C56-Pad1)")
  (net 172 "Net-(C57-Pad1)")
  (net 173 "Net-(C58-Pad1)")
  (net 174 "Net-(C59-Pad1)")
  (net 175 "Net-(C60-Pad1)")
  (net 176 "Net-(C61-Pad1)")
  (net 177 "Net-(C62-Pad1)")
  (net 178 "Net-(C63-Pad1)")
  (net 179 "Net-(C64-Pad1)")
  (net 180 "Net-(C65-Pad1)")
  (net 181 "Net-(C66-Pad1)")
  (net 182 "Net-(C67-Pad1)")
  (net 183 "Net-(C68-Pad1)")
  (net 184 "Net-(C69-Pad1)")
  (net 185 "Net-(C70-Pad1)")
  (net 186 "Net-(C71-Pad1)")
  (net 187 "Net-(C72-Pad1)")
  (net 188 "Net-(C73-Pad1)")
  (net 189 "Net-(C74-Pad1)")
  (net 190 "Net-(C75-Pad1)")
  (net 191 "Net-(C76-Pad1)")
  (net 192 "Net-(C77-Pad1)")
  (net 193 "Net-(C78-Pad1)")
  (net 194 "Net-(C79-Pad1)")
  (net 195 "Net-(C80-Pad1)")
  (net 196 "Net-(C81-Pad1)")
  (net 197 "Net-(C82-Pad1)")
  (net 198 "Net-(C83-Pad1)")
  (net 199 "Net-(C84-Pad1)")
  (net 200 "Net-(C85-Pad1)")
  (net 201 "Net-(C86-Pad1)")
  (net 202 "Net-(C87-Pad1)")
  (net 203 "Net-(C88-Pad1)")
  (net 204 "Net-(C89-Pad1)")
  (net 205 "Net-(C90-Pad1)")
  (net 206 "Net-(D172-Pad1)")
  (net 207 "Net-(D173-Pad1)")
  (net 208 "Net-(D88-Pad1)")
  (net 209 "Net-(D100-Pad3)")
  (net 210 "Net-(D101-Pad3)")
  (net 211 "Net-(D102-Pad3)")
  (net 212 "Net-(D100-Pad1)")
  (net 213 "Net-(D101-Pad1)")
  (net 214 "Net-(D102-Pad1)")
  (net 215 "Net-(D103-Pad1)")
  (net 216 "Net-(D104-Pad1)")
  (net 217 "Net-(D105-Pad1)")
  (net 218 "Net-(D106-Pad1)")
  (net 219 "Net-(D107-Pad1)")
  (net 220 "Net-(D108-Pad1)")
  (net 221 "Net-(D109-Pad1)")
  (net 222 "Net-(D110-Pad1)")
  (net 223 "Net-(D111-Pad1)")
  (net 224 "Net-(D112-Pad1)")
  (net 225 "Net-(D113-Pad1)")
  (net 226 "Net-(D115-Pad1)")
  (net 227 "Net-(D116-Pad1)")
  (net 228 "Net-(D117-Pad1)")
  (net 229 "Net-(D118-Pad1)")
  (net 230 "Net-(D119-Pad1)")
  (net 231 "Net-(D120-Pad1)")
  (net 232 "Net-(D121-Pad1)")
  (net 233 "Net-(D122-Pad1)")
  (net 234 "Net-(D123-Pad1)")
  (net 235 "Net-(D127-Pad1)")
  (net 236 "Net-(D128-Pad1)")
  (net 237 "Net-(D129-Pad1)")
  (net 238 "Net-(D130-Pad1)")
  (net 239 "Net-(D131-Pad1)")
  (net 240 "Net-(D132-Pad1)")
  (net 241 "Net-(D133-Pad1)")
  (net 242 "Net-(D134-Pad1)")
  (net 243 "Net-(D135-Pad1)")
  (net 244 "Net-(D136-Pad1)")
  (net 245 "Net-(D137-Pad1)")
  (net 246 "Net-(D138-Pad1)")
  (net 247 "Net-(D139-Pad1)")
  (net 248 "Net-(D140-Pad1)")
  (net 249 "Net-(D141-Pad1)")
  (net 250 "Net-(D142-Pad1)")
  (net 251 "Net-(D143-Pad1)")
  (net 252 "Net-(D144-Pad1)")
  (net 253 "Net-(D145-Pad1)")
  (net 254 "Net-(D146-Pad1)")
  (net 255 "Net-(D147-Pad1)")
  (net 256 "Net-(D148-Pad1)")
  (net 257 "Net-(D149-Pad1)")
  (net 258 "Net-(D150-Pad1)")
  (net 259 "Net-(D151-Pad1)")
  (net 260 "Net-(D152-Pad1)")
  (net 261 "Net-(D153-Pad1)")
  (net 262 "Net-(D157-Pad1)")
  (net 263 "Net-(D158-Pad1)")
  (net 264 "Net-(D159-Pad1)")
  (net 265 "Net-(D160-Pad1)")
  (net 266 "Net-(D161-Pad1)")
  (net 267 "Net-(D162-Pad1)")
  (net 268 "Net-(D163-Pad1)")
  (net 269 "Net-(D164-Pad1)")
  (net 270 "Net-(D165-Pad1)")
  (net 271 "Net-(D166-Pad1)")
  (net 272 "Net-(D167-Pad1)")
  (net 273 "Net-(D168-Pad1)")
  (net 274 "Net-(D169-Pad1)")
  (net 275 "Net-(D170-Pad1)")
  (net 276 "Net-(D171-Pad1)")

  (net_class Default "This is the default net class."
    (clearance 0.2)
    (trace_width 0.25)
    (via_dia 0.8)
    (via_drill 0.4)
    (uvia_dia 0.3)
    (uvia_drill 0.1)
    (add_net "/Keyboard Keys/KEY_COL0")
    (add_net "/Keyboard Keys/KEY_COL1")
    (add_net "/Keyboard Keys/KEY_COL10")
    (add_net "/Keyboard Keys/KEY_COL11")
    (add_net "/Keyboard Keys/KEY_COL12")
    (add_net "/Keyboard Keys/KEY_COL13")
    (add_net "/Keyboard Keys/KEY_COL2")
    (add_net "/Keyboard Keys/KEY_COL3")
    (add_net "/Keyboard Keys/KEY_COL4")
    (add_net "/Keyboard Keys/KEY_COL5")
    (add_net "/Keyboard Keys/KEY_COL6")
    (add_net "/Keyboard Keys/KEY_COL7")
    (add_net "/Keyboard Keys/KEY_COL8")
    (add_net "/Keyboard Keys/KEY_COL9")
    (add_net "/Keyboard Keys/KEY_ROW0")
    (add_net "/Keyboard Keys/KEY_ROW1")
    (add_net "/Keyboard Keys/KEY_ROW2")
    (add_net "/Keyboard Keys/KEY_ROW3")
    (add_net "/Keyboard Keys/KEY_ROW4")
    (add_net "/Keyboard Keys/KEY_ROW5")
    (add_net GND)
    (add_net LED_VDD)
    (add_net "Net-(Backspace1-Pad2)")
    (add_net "Net-(C1-Pad1)")
    (add_net "Net-(C10-Pad1)")
    (add_net "Net-(C11-Pad1)")
    (add_net "Net-(C12-Pad1)")
    (add_net "Net-(C13-Pad1)")
    (add_net "Net-(C14-Pad1)")
    (add_net "Net-(C15-Pad1)")
    (add_net "Net-(C16-Pad1)")
    (add_net "Net-(C17-Pad1)")
    (add_net "Net-(C18-Pad1)")
    (add_net "Net-(C19-Pad1)")
    (add_net "Net-(C2-Pad1)")
    (add_net "Net-(C20-Pad1)")
    (add_net "Net-(C21-Pad1)")
    (add_net "Net-(C22-Pad1)")
    (add_net "Net-(C23-Pad1)")
    (add_net "Net-(C24-Pad1)")
    (add_net "Net-(C25-Pad1)")
    (add_net "Net-(C26-Pad1)")
    (add_net "Net-(C27-Pad1)")
    (add_net "Net-(C28-Pad1)")
    (add_net "Net-(C29-Pad1)")
    (add_net "Net-(C3-Pad1)")
    (add_net "Net-(C30-Pad1)")
    (add_net "Net-(C31-Pad1)")
    (add_net "Net-(C32-Pad1)")
    (add_net "Net-(C33-Pad1)")
    (add_net "Net-(C34-Pad1)")
    (add_net "Net-(C35-Pad1)")
    (add_net "Net-(C36-Pad1)")
    (add_net "Net-(C37-Pad1)")
    (add_net "Net-(C38-Pad1)")
    (add_net "Net-(C39-Pad1)")
    (add_net "Net-(C4-Pad1)")
    (add_net "Net-(C40-Pad1)")
    (add_net "Net-(C41-Pad1)")
    (add_net "Net-(C42-Pad1)")
    (add_net "Net-(C43-Pad1)")
    (add_net "Net-(C44-Pad1)")
    (add_net "Net-(C45-Pad1)")
    (add_net "Net-(C46-Pad1)")
    (add_net "Net-(C47-Pad1)")
    (add_net "Net-(C48-Pad1)")
    (add_net "Net-(C49-Pad1)")
    (add_net "Net-(C5-Pad1)")
    (add_net "Net-(C50-Pad1)")
    (add_net "Net-(C51-Pad1)")
    (add_net "Net-(C52-Pad1)")
    (add_net "Net-(C53-Pad1)")
    (add_net "Net-(C54-Pad1)")
    (add_net "Net-(C55-Pad1)")
    (add_net "Net-(C56-Pad1)")
    (add_net "Net-(C57-Pad1)")
    (add_net "Net-(C58-Pad1)")
    (add_net "Net-(C59-Pad1)")
    (add_net "Net-(C6-Pad1)")
    (add_net "Net-(C60-Pad1)")
    (add_net "Net-(C61-Pad1)")
    (add_net "Net-(C62-Pad1)")
    (add_net "Net-(C63-Pad1)")
    (add_net "Net-(C64-Pad1)")
    (add_net "Net-(C65-Pad1)")
    (add_net "Net-(C66-Pad1)")
    (add_net "Net-(C67-Pad1)")
    (add_net "Net-(C68-Pad1)")
    (add_net "Net-(C69-Pad1)")
    (add_net "Net-(C7-Pad1)")
    (add_net "Net-(C70-Pad1)")
    (add_net "Net-(C71-Pad1)")
    (add_net "Net-(C72-Pad1)")
    (add_net "Net-(C73-Pad1)")
    (add_net "Net-(C74-Pad1)")
    (add_net "Net-(C75-Pad1)")
    (add_net "Net-(C76-Pad1)")
    (add_net "Net-(C77-Pad1)")
    (add_net "Net-(C78-Pad1)")
    (add_net "Net-(C79-Pad1)")
    (add_net "Net-(C8-Pad1)")
    (add_net "Net-(C80-Pad1)")
    (add_net "Net-(C81-Pad1)")
    (add_net "Net-(C82-Pad1)")
    (add_net "Net-(C83-Pad1)")
    (add_net "Net-(C84-Pad1)")
    (add_net "Net-(C85-Pad1)")
    (add_net "Net-(C86-Pad1)")
    (add_net "Net-(C87-Pad1)")
    (add_net "Net-(C88-Pad1)")
    (add_net "Net-(C89-Pad1)")
    (add_net "Net-(C9-Pad1)")
    (add_net "Net-(C90-Pad1)")
    (add_net "Net-(CAPS1-Pad2)")
    (add_net "Net-(D10-Pad1)")
    (add_net "Net-(D100-Pad1)")
    (add_net "Net-(D100-Pad3)")
    (add_net "Net-(D101-Pad1)")
    (add_net "Net-(D101-Pad3)")
    (add_net "Net-(D102-Pad1)")
    (add_net "Net-(D102-Pad3)")
    (add_net "Net-(D103-Pad1)")
    (add_net "Net-(D104-Pad1)")
    (add_net "Net-(D105-Pad1)")
    (add_net "Net-(D106-Pad1)")
    (add_net "Net-(D107-Pad1)")
    (add_net "Net-(D108-Pad1)")
    (add_net "Net-(D109-Pad1)")
    (add_net "Net-(D11-Pad1)")
    (add_net "Net-(D110-Pad1)")
    (add_net "Net-(D111-Pad1)")
    (add_net "Net-(D112-Pad1)")
    (add_net "Net-(D113-Pad1)")
    (add_net "Net-(D115-Pad1)")
    (add_net "Net-(D116-Pad1)")
    (add_net "Net-(D117-Pad1)")
    (add_net "Net-(D118-Pad1)")
    (add_net "Net-(D119-Pad1)")
    (add_net "Net-(D12-Pad1)")
    (add_net "Net-(D120-Pad1)")
    (add_net "Net-(D121-Pad1)")
    (add_net "Net-(D122-Pad1)")
    (add_net "Net-(D123-Pad1)")
    (add_net "Net-(D127-Pad1)")
    (add_net "Net-(D128-Pad1)")
    (add_net "Net-(D129-Pad1)")
    (add_net "Net-(D13-Pad1)")
    (add_net "Net-(D130-Pad1)")
    (add_net "Net-(D131-Pad1)")
    (add_net "Net-(D132-Pad1)")
    (add_net "Net-(D133-Pad1)")
    (add_net "Net-(D134-Pad1)")
    (add_net "Net-(D135-Pad1)")
    (add_net "Net-(D136-Pad1)")
    (add_net "Net-(D137-Pad1)")
    (add_net "Net-(D138-Pad1)")
    (add_net "Net-(D139-Pad1)")
    (add_net "Net-(D14-Pad1)")
    (add_net "Net-(D140-Pad1)")
    (add_net "Net-(D141-Pad1)")
    (add_net "Net-(D142-Pad1)")
    (add_net "Net-(D143-Pad1)")
    (add_net "Net-(D144-Pad1)")
    (add_net "Net-(D145-Pad1)")
    (add_net "Net-(D146-Pad1)")
    (add_net "Net-(D147-Pad1)")
    (add_net "Net-(D148-Pad1)")
    (add_net "Net-(D149-Pad1)")
    (add_net "Net-(D15-Pad1)")
    (add_net "Net-(D150-Pad1)")
    (add_net "Net-(D151-Pad1)")
    (add_net "Net-(D152-Pad1)")
    (add_net "Net-(D153-Pad1)")
    (add_net "Net-(D157-Pad1)")
    (add_net "Net-(D158-Pad1)")
    (add_net "Net-(D159-Pad1)")
    (add_net "Net-(D16-Pad1)")
    (add_net "Net-(D160-Pad1)")
    (add_net "Net-(D161-Pad1)")
    (add_net "Net-(D162-Pad1)")
    (add_net "Net-(D163-Pad1)")
    (add_net "Net-(D164-Pad1)")
    (add_net "Net-(D165-Pad1)")
    (add_net "Net-(D166-Pad1)")
    (add_net "Net-(D167-Pad1)")
    (add_net "Net-(D168-Pad1)")
    (add_net "Net-(D169-Pad1)")
    (add_net "Net-(D17-Pad1)")
    (add_net "Net-(D170-Pad1)")
    (add_net "Net-(D171-Pad1)")
    (add_net "Net-(D172-Pad1)")
    (add_net "Net-(D173-Pad1)")
    (add_net "Net-(D18-Pad1)")
    (add_net "Net-(D19-Pad1)")
    (add_net "Net-(D2-Pad1)")
    (add_net "Net-(D20-Pad1)")
    (add_net "Net-(D21-Pad1)")
    (add_net "Net-(D22-Pad1)")
    (add_net "Net-(D23-Pad1)")
    (add_net "Net-(D24-Pad1)")
    (add_net "Net-(D25-Pad1)")
    (add_net "Net-(D26-Pad1)")
    (add_net "Net-(D27-Pad1)")
    (add_net "Net-(D28-Pad1)")
    (add_net "Net-(D29-Pad1)")
    (add_net "Net-(D3-Pad1)")
    (add_net "Net-(D30-Pad1)")
    (add_net "Net-(D31-Pad1)")
    (add_net "Net-(D32-Pad1)")
    (add_net "Net-(D33-Pad1)")
    (add_net "Net-(D34-Pad1)")
    (add_net "Net-(D35-Pad1)")
    (add_net "Net-(D36-Pad1)")
    (add_net "Net-(D37-Pad1)")
    (add_net "Net-(D38-Pad1)")
    (add_net "Net-(D39-Pad1)")
    (add_net "Net-(D4-Pad1)")
    (add_net "Net-(D40-Pad1)")
    (add_net "Net-(D41-Pad1)")
    (add_net "Net-(D42-Pad1)")
    (add_net "Net-(D43-Pad1)")
    (add_net "Net-(D44-Pad1)")
    (add_net "Net-(D45-Pad1)")
    (add_net "Net-(D46-Pad1)")
    (add_net "Net-(D47-Pad1)")
    (add_net "Net-(D48-Pad1)")
    (add_net "Net-(D49-Pad1)")
    (add_net "Net-(D5-Pad1)")
    (add_net "Net-(D50-Pad1)")
    (add_net "Net-(D51-Pad1)")
    (add_net "Net-(D52-Pad1)")
    (add_net "Net-(D53-Pad1)")
    (add_net "Net-(D54-Pad1)")
    (add_net "Net-(D55-Pad1)")
    (add_net "Net-(D56-Pad1)")
    (add_net "Net-(D57-Pad1)")
    (add_net "Net-(D58-Pad1)")
    (add_net "Net-(D59-Pad1)")
    (add_net "Net-(D6-Pad1)")
    (add_net "Net-(D61-Pad1)")
    (add_net "Net-(D62-Pad1)")
    (add_net "Net-(D63-Pad1)")
    (add_net "Net-(D64-Pad1)")
    (add_net "Net-(D65-Pad1)")
    (add_net "Net-(D66-Pad1)")
    (add_net "Net-(D67-Pad1)")
    (add_net "Net-(D68-Pad1)")
    (add_net "Net-(D69-Pad1)")
    (add_net "Net-(D7-Pad1)")
    (add_net "Net-(D70-Pad1)")
    (add_net "Net-(D71-Pad1)")
    (add_net "Net-(D72-Pad1)")
    (add_net "Net-(D73-Pad1)")
    (add_net "Net-(D74-Pad1)")
    (add_net "Net-(D75-Pad1)")
    (add_net "Net-(D76-Pad1)")
    (add_net "Net-(D77-Pad1)")
    (add_net "Net-(D78-Pad1)")
    (add_net "Net-(D79-Pad1)")
    (add_net "Net-(D8-Pad1)")
    (add_net "Net-(D80-Pad1)")
    (add_net "Net-(D81-Pad1)")
    (add_net "Net-(D82-Pad1)")
    (add_net "Net-(D83-Pad1)")
    (add_net "Net-(D84-Pad1)")
    (add_net "Net-(D85-Pad1)")
    (add_net "Net-(D86-Pad1)")
    (add_net "Net-(D87-Pad1)")
    (add_net "Net-(D88-Pad1)")
    (add_net "Net-(D89-Pad1)")
    (add_net "Net-(D9-Pad1)")
    (add_net "Net-(D90-Pad1)")
    (add_net "Net-(D91-Pad1)")
    (add_net "Net-(D92-Pad1)")
    (add_net "Net-(D93-Pad1)")
    (add_net VCC_5V)
  )

  (module Capacitor_SMD:C_0402_1005Metric (layer B.Cu) (tedit 5F68FEEE) (tstamp 60ACDE7C)
    (at 548.247001 21.051999)
    (descr "Capacitor SMD 0402 (1005 Metric), square (rectangular) end terminal, IPC_7351 nominal, (Body size source: IPC-SM-782 page 76, https://www.pcb-3d.com/wordpress/wp-content/uploads/ipc-sm-782a_amendment_1_and_2.pdf), generated with kicad-footprint-generator")
    (tags capacitor)
    (path /6096EA02/60CB135F)
    (attr smd)
    (fp_text reference C90 (at 0 1.16) (layer B.SilkS)
      (effects (font (size 1 1) (thickness 0.15)) (justify mirror))
    )
    (fp_text value C (at 0 -1.16) (layer B.Fab)
      (effects (font (size 1 1) (thickness 0.15)) (justify mirror))
    )
    (fp_line (start -0.5 -0.25) (end -0.5 0.25) (layer B.Fab) (width 0.1))
    (fp_line (start -0.5 0.25) (end 0.5 0.25) (layer B.Fab) (width 0.1))
    (fp_line (start 0.5 0.25) (end 0.5 -0.25) (layer B.Fab) (width 0.1))
    (fp_line (start 0.5 -0.25) (end -0.5 -0.25) (layer B.Fab) (width 0.1))
    (fp_line (start -0.107836 0.36) (end 0.107836 0.36) (layer B.SilkS) (width 0.12))
    (fp_line (start -0.107836 -0.36) (end 0.107836 -0.36) (layer B.SilkS) (width 0.12))
    (fp_line (start -0.91 -0.46) (end -0.91 0.46) (layer B.CrtYd) (width 0.05))
    (fp_line (start -0.91 0.46) (end 0.91 0.46) (layer B.CrtYd) (width 0.05))
    (fp_line (start 0.91 0.46) (end 0.91 -0.46) (layer B.CrtYd) (width 0.05))
    (fp_line (start 0.91 -0.46) (end -0.91 -0.46) (layer B.CrtYd) (width 0.05))
    (fp_text user %R (at 0 0) (layer B.Fab)
      (effects (font (size 0.25 0.25) (thickness 0.04)) (justify mirror))
    )
    (pad 2 smd roundrect (at 0.48 0) (size 0.56 0.62) (layers B.Cu B.Paste B.Mask) (roundrect_rratio 0.25)
      (net 107 VCC_5V))
    (pad 1 smd roundrect (at -0.48 0) (size 0.56 0.62) (layers B.Cu B.Paste B.Mask) (roundrect_rratio 0.25)
      (net 205 "Net-(C90-Pad1)"))
    (model ${KISYS3DMOD}/Capacitor_SMD.3dshapes/C_0402_1005Metric.wrl
      (at (xyz 0 0 0))
      (scale (xyz 1 1 1))
      (rotate (xyz 0 0 0))
    )
  )

  (module Capacitor_SMD:C_0402_1005Metric (layer B.Cu) (tedit 5F68FEEE) (tstamp 60ACDE65)
    (at 541.227001 16.001999)
    (descr "Capacitor SMD 0402 (1005 Metric), square (rectangular) end terminal, IPC_7351 nominal, (Body size source: IPC-SM-782 page 76, https://www.pcb-3d.com/wordpress/wp-content/uploads/ipc-sm-782a_amendment_1_and_2.pdf), generated with kicad-footprint-generator")
    (tags capacitor)
    (path /6096EA02/60CB12D2)
    (attr smd)
    (fp_text reference C89 (at 0 1.16) (layer B.SilkS)
      (effects (font (size 1 1) (thickness 0.15)) (justify mirror))
    )
    (fp_text value C (at 0 -1.16) (layer B.Fab)
      (effects (font (size 1 1) (thickness 0.15)) (justify mirror))
    )
    (fp_line (start -0.5 -0.25) (end -0.5 0.25) (layer B.Fab) (width 0.1))
    (fp_line (start -0.5 0.25) (end 0.5 0.25) (layer B.Fab) (width 0.1))
    (fp_line (start 0.5 0.25) (end 0.5 -0.25) (layer B.Fab) (width 0.1))
    (fp_line (start 0.5 -0.25) (end -0.5 -0.25) (layer B.Fab) (width 0.1))
    (fp_line (start -0.107836 0.36) (end 0.107836 0.36) (layer B.SilkS) (width 0.12))
    (fp_line (start -0.107836 -0.36) (end 0.107836 -0.36) (layer B.SilkS) (width 0.12))
    (fp_line (start -0.91 -0.46) (end -0.91 0.46) (layer B.CrtYd) (width 0.05))
    (fp_line (start -0.91 0.46) (end 0.91 0.46) (layer B.CrtYd) (width 0.05))
    (fp_line (start 0.91 0.46) (end 0.91 -0.46) (layer B.CrtYd) (width 0.05))
    (fp_line (start 0.91 -0.46) (end -0.91 -0.46) (layer B.CrtYd) (width 0.05))
    (fp_text user %R (at 0 0) (layer B.Fab)
      (effects (font (size 0.25 0.25) (thickness 0.04)) (justify mirror))
    )
    (pad 2 smd roundrect (at 0.48 0) (size 0.56 0.62) (layers B.Cu B.Paste B.Mask) (roundrect_rratio 0.25)
      (net 107 VCC_5V))
    (pad 1 smd roundrect (at -0.48 0) (size 0.56 0.62) (layers B.Cu B.Paste B.Mask) (roundrect_rratio 0.25)
      (net 204 "Net-(C89-Pad1)"))
    (model ${KISYS3DMOD}/Capacitor_SMD.3dshapes/C_0402_1005Metric.wrl
      (at (xyz 0 0 0))
      (scale (xyz 1 1 1))
      (rotate (xyz 0 0 0))
    )
  )

  (module Capacitor_SMD:C_0402_1005Metric (layer F.Cu) (tedit 5F68FEEE) (tstamp 60ACDE4E)
    (at 520.167001 47.124001)
    (descr "Capacitor SMD 0402 (1005 Metric), square (rectangular) end terminal, IPC_7351 nominal, (Body size source: IPC-SM-782 page 76, https://www.pcb-3d.com/wordpress/wp-content/uploads/ipc-sm-782a_amendment_1_and_2.pdf), generated with kicad-footprint-generator")
    (tags capacitor)
    (path /6096EA02/60CB1245)
    (attr smd)
    (fp_text reference C88 (at 0 -1.16) (layer F.SilkS)
      (effects (font (size 1 1) (thickness 0.15)))
    )
    (fp_text value C (at 0 1.16) (layer F.Fab)
      (effects (font (size 1 1) (thickness 0.15)))
    )
    (fp_line (start -0.5 0.25) (end -0.5 -0.25) (layer F.Fab) (width 0.1))
    (fp_line (start -0.5 -0.25) (end 0.5 -0.25) (layer F.Fab) (width 0.1))
    (fp_line (start 0.5 -0.25) (end 0.5 0.25) (layer F.Fab) (width 0.1))
    (fp_line (start 0.5 0.25) (end -0.5 0.25) (layer F.Fab) (width 0.1))
    (fp_line (start -0.107836 -0.36) (end 0.107836 -0.36) (layer F.SilkS) (width 0.12))
    (fp_line (start -0.107836 0.36) (end 0.107836 0.36) (layer F.SilkS) (width 0.12))
    (fp_line (start -0.91 0.46) (end -0.91 -0.46) (layer F.CrtYd) (width 0.05))
    (fp_line (start -0.91 -0.46) (end 0.91 -0.46) (layer F.CrtYd) (width 0.05))
    (fp_line (start 0.91 -0.46) (end 0.91 0.46) (layer F.CrtYd) (width 0.05))
    (fp_line (start 0.91 0.46) (end -0.91 0.46) (layer F.CrtYd) (width 0.05))
    (fp_text user %R (at 0 0) (layer F.Fab)
      (effects (font (size 0.25 0.25) (thickness 0.04)))
    )
    (pad 2 smd roundrect (at 0.48 0) (size 0.56 0.62) (layers F.Cu F.Paste F.Mask) (roundrect_rratio 0.25)
      (net 107 VCC_5V))
    (pad 1 smd roundrect (at -0.48 0) (size 0.56 0.62) (layers F.Cu F.Paste F.Mask) (roundrect_rratio 0.25)
      (net 203 "Net-(C88-Pad1)"))
    (model ${KISYS3DMOD}/Capacitor_SMD.3dshapes/C_0402_1005Metric.wrl
      (at (xyz 0 0 0))
      (scale (xyz 1 1 1))
      (rotate (xyz 0 0 0))
    )
  )

  (module Capacitor_SMD:C_0402_1005Metric (layer F.Cu) (tedit 5F68FEEE) (tstamp 60ACDE37)
    (at 506.127001 62.274001)
    (descr "Capacitor SMD 0402 (1005 Metric), square (rectangular) end terminal, IPC_7351 nominal, (Body size source: IPC-SM-782 page 76, https://www.pcb-3d.com/wordpress/wp-content/uploads/ipc-sm-782a_amendment_1_and_2.pdf), generated with kicad-footprint-generator")
    (tags capacitor)
    (path /6096EA02/60CB1351)
    (attr smd)
    (fp_text reference C87 (at 0 -1.16) (layer F.SilkS)
      (effects (font (size 1 1) (thickness 0.15)))
    )
    (fp_text value C (at 0 1.16) (layer F.Fab)
      (effects (font (size 1 1) (thickness 0.15)))
    )
    (fp_line (start -0.5 0.25) (end -0.5 -0.25) (layer F.Fab) (width 0.1))
    (fp_line (start -0.5 -0.25) (end 0.5 -0.25) (layer F.Fab) (width 0.1))
    (fp_line (start 0.5 -0.25) (end 0.5 0.25) (layer F.Fab) (width 0.1))
    (fp_line (start 0.5 0.25) (end -0.5 0.25) (layer F.Fab) (width 0.1))
    (fp_line (start -0.107836 -0.36) (end 0.107836 -0.36) (layer F.SilkS) (width 0.12))
    (fp_line (start -0.107836 0.36) (end 0.107836 0.36) (layer F.SilkS) (width 0.12))
    (fp_line (start -0.91 0.46) (end -0.91 -0.46) (layer F.CrtYd) (width 0.05))
    (fp_line (start -0.91 -0.46) (end 0.91 -0.46) (layer F.CrtYd) (width 0.05))
    (fp_line (start 0.91 -0.46) (end 0.91 0.46) (layer F.CrtYd) (width 0.05))
    (fp_line (start 0.91 0.46) (end -0.91 0.46) (layer F.CrtYd) (width 0.05))
    (fp_text user %R (at 0 0) (layer F.Fab)
      (effects (font (size 0.25 0.25) (thickness 0.04)))
    )
    (pad 2 smd roundrect (at 0.48 0) (size 0.56 0.62) (layers F.Cu F.Paste F.Mask) (roundrect_rratio 0.25)
      (net 107 VCC_5V))
    (pad 1 smd roundrect (at -0.48 0) (size 0.56 0.62) (layers F.Cu F.Paste F.Mask) (roundrect_rratio 0.25)
      (net 202 "Net-(C87-Pad1)"))
    (model ${KISYS3DMOD}/Capacitor_SMD.3dshapes/C_0402_1005Metric.wrl
      (at (xyz 0 0 0))
      (scale (xyz 1 1 1))
      (rotate (xyz 0 0 0))
    )
  )

  (module Capacitor_SMD:C_0402_1005Metric (layer B.Cu) (tedit 5F68FEEE) (tstamp 60ACDE20)
    (at 562.287001 36.201999)
    (descr "Capacitor SMD 0402 (1005 Metric), square (rectangular) end terminal, IPC_7351 nominal, (Body size source: IPC-SM-782 page 76, https://www.pcb-3d.com/wordpress/wp-content/uploads/ipc-sm-782a_amendment_1_and_2.pdf), generated with kicad-footprint-generator")
    (tags capacitor)
    (path /6096EA02/60CB12C4)
    (attr smd)
    (fp_text reference C86 (at 0 1.16) (layer B.SilkS)
      (effects (font (size 1 1) (thickness 0.15)) (justify mirror))
    )
    (fp_text value C (at 0 -1.16) (layer B.Fab)
      (effects (font (size 1 1) (thickness 0.15)) (justify mirror))
    )
    (fp_line (start -0.5 -0.25) (end -0.5 0.25) (layer B.Fab) (width 0.1))
    (fp_line (start -0.5 0.25) (end 0.5 0.25) (layer B.Fab) (width 0.1))
    (fp_line (start 0.5 0.25) (end 0.5 -0.25) (layer B.Fab) (width 0.1))
    (fp_line (start 0.5 -0.25) (end -0.5 -0.25) (layer B.Fab) (width 0.1))
    (fp_line (start -0.107836 0.36) (end 0.107836 0.36) (layer B.SilkS) (width 0.12))
    (fp_line (start -0.107836 -0.36) (end 0.107836 -0.36) (layer B.SilkS) (width 0.12))
    (fp_line (start -0.91 -0.46) (end -0.91 0.46) (layer B.CrtYd) (width 0.05))
    (fp_line (start -0.91 0.46) (end 0.91 0.46) (layer B.CrtYd) (width 0.05))
    (fp_line (start 0.91 0.46) (end 0.91 -0.46) (layer B.CrtYd) (width 0.05))
    (fp_line (start 0.91 -0.46) (end -0.91 -0.46) (layer B.CrtYd) (width 0.05))
    (fp_text user %R (at 0 0) (layer B.Fab)
      (effects (font (size 0.25 0.25) (thickness 0.04)) (justify mirror))
    )
    (pad 2 smd roundrect (at 0.48 0) (size 0.56 0.62) (layers B.Cu B.Paste B.Mask) (roundrect_rratio 0.25)
      (net 107 VCC_5V))
    (pad 1 smd roundrect (at -0.48 0) (size 0.56 0.62) (layers B.Cu B.Paste B.Mask) (roundrect_rratio 0.25)
      (net 201 "Net-(C86-Pad1)"))
    (model ${KISYS3DMOD}/Capacitor_SMD.3dshapes/C_0402_1005Metric.wrl
      (at (xyz 0 0 0))
      (scale (xyz 1 1 1))
      (rotate (xyz 0 0 0))
    )
  )

  (module Capacitor_SMD:C_0402_1005Metric (layer F.Cu) (tedit 5F68FEEE) (tstamp 60ACDE09)
    (at 513.147001 52.174001)
    (descr "Capacitor SMD 0402 (1005 Metric), square (rectangular) end terminal, IPC_7351 nominal, (Body size source: IPC-SM-782 page 76, https://www.pcb-3d.com/wordpress/wp-content/uploads/ipc-sm-782a_amendment_1_and_2.pdf), generated with kicad-footprint-generator")
    (tags capacitor)
    (path /6096EA02/60CB1237)
    (attr smd)
    (fp_text reference C85 (at 0 -1.16) (layer F.SilkS)
      (effects (font (size 1 1) (thickness 0.15)))
    )
    (fp_text value C (at 0 1.16) (layer F.Fab)
      (effects (font (size 1 1) (thickness 0.15)))
    )
    (fp_line (start -0.5 0.25) (end -0.5 -0.25) (layer F.Fab) (width 0.1))
    (fp_line (start -0.5 -0.25) (end 0.5 -0.25) (layer F.Fab) (width 0.1))
    (fp_line (start 0.5 -0.25) (end 0.5 0.25) (layer F.Fab) (width 0.1))
    (fp_line (start 0.5 0.25) (end -0.5 0.25) (layer F.Fab) (width 0.1))
    (fp_line (start -0.107836 -0.36) (end 0.107836 -0.36) (layer F.SilkS) (width 0.12))
    (fp_line (start -0.107836 0.36) (end 0.107836 0.36) (layer F.SilkS) (width 0.12))
    (fp_line (start -0.91 0.46) (end -0.91 -0.46) (layer F.CrtYd) (width 0.05))
    (fp_line (start -0.91 -0.46) (end 0.91 -0.46) (layer F.CrtYd) (width 0.05))
    (fp_line (start 0.91 -0.46) (end 0.91 0.46) (layer F.CrtYd) (width 0.05))
    (fp_line (start 0.91 0.46) (end -0.91 0.46) (layer F.CrtYd) (width 0.05))
    (fp_text user %R (at 0 0) (layer F.Fab)
      (effects (font (size 0.25 0.25) (thickness 0.04)))
    )
    (pad 2 smd roundrect (at 0.48 0) (size 0.56 0.62) (layers F.Cu F.Paste F.Mask) (roundrect_rratio 0.25)
      (net 107 VCC_5V))
    (pad 1 smd roundrect (at -0.48 0) (size 0.56 0.62) (layers F.Cu F.Paste F.Mask) (roundrect_rratio 0.25)
      (net 200 "Net-(C85-Pad1)"))
    (model ${KISYS3DMOD}/Capacitor_SMD.3dshapes/C_0402_1005Metric.wrl
      (at (xyz 0 0 0))
      (scale (xyz 1 1 1))
      (rotate (xyz 0 0 0))
    )
  )

  (module Capacitor_SMD:C_0402_1005Metric (layer B.Cu) (tedit 5F68FEEE) (tstamp 60ACDDF2)
    (at 534.207001 10.951999)
    (descr "Capacitor SMD 0402 (1005 Metric), square (rectangular) end terminal, IPC_7351 nominal, (Body size source: IPC-SM-782 page 76, https://www.pcb-3d.com/wordpress/wp-content/uploads/ipc-sm-782a_amendment_1_and_2.pdf), generated with kicad-footprint-generator")
    (tags capacitor)
    (path /6096EA02/60CB1343)
    (attr smd)
    (fp_text reference C84 (at 0 1.16) (layer B.SilkS)
      (effects (font (size 1 1) (thickness 0.15)) (justify mirror))
    )
    (fp_text value C (at 0 -1.16) (layer B.Fab)
      (effects (font (size 1 1) (thickness 0.15)) (justify mirror))
    )
    (fp_line (start -0.5 -0.25) (end -0.5 0.25) (layer B.Fab) (width 0.1))
    (fp_line (start -0.5 0.25) (end 0.5 0.25) (layer B.Fab) (width 0.1))
    (fp_line (start 0.5 0.25) (end 0.5 -0.25) (layer B.Fab) (width 0.1))
    (fp_line (start 0.5 -0.25) (end -0.5 -0.25) (layer B.Fab) (width 0.1))
    (fp_line (start -0.107836 0.36) (end 0.107836 0.36) (layer B.SilkS) (width 0.12))
    (fp_line (start -0.107836 -0.36) (end 0.107836 -0.36) (layer B.SilkS) (width 0.12))
    (fp_line (start -0.91 -0.46) (end -0.91 0.46) (layer B.CrtYd) (width 0.05))
    (fp_line (start -0.91 0.46) (end 0.91 0.46) (layer B.CrtYd) (width 0.05))
    (fp_line (start 0.91 0.46) (end 0.91 -0.46) (layer B.CrtYd) (width 0.05))
    (fp_line (start 0.91 -0.46) (end -0.91 -0.46) (layer B.CrtYd) (width 0.05))
    (fp_text user %R (at 0 0) (layer B.Fab)
      (effects (font (size 0.25 0.25) (thickness 0.04)) (justify mirror))
    )
    (pad 2 smd roundrect (at 0.48 0) (size 0.56 0.62) (layers B.Cu B.Paste B.Mask) (roundrect_rratio 0.25)
      (net 107 VCC_5V))
    (pad 1 smd roundrect (at -0.48 0) (size 0.56 0.62) (layers B.Cu B.Paste B.Mask) (roundrect_rratio 0.25)
      (net 199 "Net-(C84-Pad1)"))
    (model ${KISYS3DMOD}/Capacitor_SMD.3dshapes/C_0402_1005Metric.wrl
      (at (xyz 0 0 0))
      (scale (xyz 1 1 1))
      (rotate (xyz 0 0 0))
    )
  )

  (module Capacitor_SMD:C_0402_1005Metric (layer B.Cu) (tedit 5F68FEEE) (tstamp 60ACDDDB)
    (at 555.267001 31.151999)
    (descr "Capacitor SMD 0402 (1005 Metric), square (rectangular) end terminal, IPC_7351 nominal, (Body size source: IPC-SM-782 page 76, https://www.pcb-3d.com/wordpress/wp-content/uploads/ipc-sm-782a_amendment_1_and_2.pdf), generated with kicad-footprint-generator")
    (tags capacitor)
    (path /6096EA02/60CB12B6)
    (attr smd)
    (fp_text reference C83 (at 0 1.16) (layer B.SilkS)
      (effects (font (size 1 1) (thickness 0.15)) (justify mirror))
    )
    (fp_text value C (at 0 -1.16) (layer B.Fab)
      (effects (font (size 1 1) (thickness 0.15)) (justify mirror))
    )
    (fp_line (start -0.5 -0.25) (end -0.5 0.25) (layer B.Fab) (width 0.1))
    (fp_line (start -0.5 0.25) (end 0.5 0.25) (layer B.Fab) (width 0.1))
    (fp_line (start 0.5 0.25) (end 0.5 -0.25) (layer B.Fab) (width 0.1))
    (fp_line (start 0.5 -0.25) (end -0.5 -0.25) (layer B.Fab) (width 0.1))
    (fp_line (start -0.107836 0.36) (end 0.107836 0.36) (layer B.SilkS) (width 0.12))
    (fp_line (start -0.107836 -0.36) (end 0.107836 -0.36) (layer B.SilkS) (width 0.12))
    (fp_line (start -0.91 -0.46) (end -0.91 0.46) (layer B.CrtYd) (width 0.05))
    (fp_line (start -0.91 0.46) (end 0.91 0.46) (layer B.CrtYd) (width 0.05))
    (fp_line (start 0.91 0.46) (end 0.91 -0.46) (layer B.CrtYd) (width 0.05))
    (fp_line (start 0.91 -0.46) (end -0.91 -0.46) (layer B.CrtYd) (width 0.05))
    (fp_text user %R (at 0 0) (layer B.Fab)
      (effects (font (size 0.25 0.25) (thickness 0.04)) (justify mirror))
    )
    (pad 2 smd roundrect (at 0.48 0) (size 0.56 0.62) (layers B.Cu B.Paste B.Mask) (roundrect_rratio 0.25)
      (net 107 VCC_5V))
    (pad 1 smd roundrect (at -0.48 0) (size 0.56 0.62) (layers B.Cu B.Paste B.Mask) (roundrect_rratio 0.25)
      (net 198 "Net-(C83-Pad1)"))
    (model ${KISYS3DMOD}/Capacitor_SMD.3dshapes/C_0402_1005Metric.wrl
      (at (xyz 0 0 0))
      (scale (xyz 1 1 1))
      (rotate (xyz 0 0 0))
    )
  )

  (module Capacitor_SMD:C_0402_1005Metric (layer F.Cu) (tedit 5F68FEEE) (tstamp 60ACDDC4)
    (at 527.187001 37.024001)
    (descr "Capacitor SMD 0402 (1005 Metric), square (rectangular) end terminal, IPC_7351 nominal, (Body size source: IPC-SM-782 page 76, https://www.pcb-3d.com/wordpress/wp-content/uploads/ipc-sm-782a_amendment_1_and_2.pdf), generated with kicad-footprint-generator")
    (tags capacitor)
    (path /6096EA02/60CB1229)
    (attr smd)
    (fp_text reference C82 (at 0 -1.16) (layer F.SilkS)
      (effects (font (size 1 1) (thickness 0.15)))
    )
    (fp_text value C (at 0 1.16) (layer F.Fab)
      (effects (font (size 1 1) (thickness 0.15)))
    )
    (fp_line (start -0.5 0.25) (end -0.5 -0.25) (layer F.Fab) (width 0.1))
    (fp_line (start -0.5 -0.25) (end 0.5 -0.25) (layer F.Fab) (width 0.1))
    (fp_line (start 0.5 -0.25) (end 0.5 0.25) (layer F.Fab) (width 0.1))
    (fp_line (start 0.5 0.25) (end -0.5 0.25) (layer F.Fab) (width 0.1))
    (fp_line (start -0.107836 -0.36) (end 0.107836 -0.36) (layer F.SilkS) (width 0.12))
    (fp_line (start -0.107836 0.36) (end 0.107836 0.36) (layer F.SilkS) (width 0.12))
    (fp_line (start -0.91 0.46) (end -0.91 -0.46) (layer F.CrtYd) (width 0.05))
    (fp_line (start -0.91 -0.46) (end 0.91 -0.46) (layer F.CrtYd) (width 0.05))
    (fp_line (start 0.91 -0.46) (end 0.91 0.46) (layer F.CrtYd) (width 0.05))
    (fp_line (start 0.91 0.46) (end -0.91 0.46) (layer F.CrtYd) (width 0.05))
    (fp_text user %R (at 0 0) (layer F.Fab)
      (effects (font (size 0.25 0.25) (thickness 0.04)))
    )
    (pad 2 smd roundrect (at 0.48 0) (size 0.56 0.62) (layers F.Cu F.Paste F.Mask) (roundrect_rratio 0.25)
      (net 107 VCC_5V))
    (pad 1 smd roundrect (at -0.48 0) (size 0.56 0.62) (layers F.Cu F.Paste F.Mask) (roundrect_rratio 0.25)
      (net 197 "Net-(C82-Pad1)"))
    (model ${KISYS3DMOD}/Capacitor_SMD.3dshapes/C_0402_1005Metric.wrl
      (at (xyz 0 0 0))
      (scale (xyz 1 1 1))
      (rotate (xyz 0 0 0))
    )
  )

  (module Capacitor_SMD:C_0402_1005Metric (layer B.Cu) (tedit 5F68FEEE) (tstamp 60ACDDAD)
    (at 534.207001 36.201999)
    (descr "Capacitor SMD 0402 (1005 Metric), square (rectangular) end terminal, IPC_7351 nominal, (Body size source: IPC-SM-782 page 76, https://www.pcb-3d.com/wordpress/wp-content/uploads/ipc-sm-782a_amendment_1_and_2.pdf), generated with kicad-footprint-generator")
    (tags capacitor)
    (path /6096EA02/60CB1335)
    (attr smd)
    (fp_text reference C81 (at 0 1.16) (layer B.SilkS)
      (effects (font (size 1 1) (thickness 0.15)) (justify mirror))
    )
    (fp_text value C (at 0 -1.16) (layer B.Fab)
      (effects (font (size 1 1) (thickness 0.15)) (justify mirror))
    )
    (fp_line (start -0.5 -0.25) (end -0.5 0.25) (layer B.Fab) (width 0.1))
    (fp_line (start -0.5 0.25) (end 0.5 0.25) (layer B.Fab) (width 0.1))
    (fp_line (start 0.5 0.25) (end 0.5 -0.25) (layer B.Fab) (width 0.1))
    (fp_line (start 0.5 -0.25) (end -0.5 -0.25) (layer B.Fab) (width 0.1))
    (fp_line (start -0.107836 0.36) (end 0.107836 0.36) (layer B.SilkS) (width 0.12))
    (fp_line (start -0.107836 -0.36) (end 0.107836 -0.36) (layer B.SilkS) (width 0.12))
    (fp_line (start -0.91 -0.46) (end -0.91 0.46) (layer B.CrtYd) (width 0.05))
    (fp_line (start -0.91 0.46) (end 0.91 0.46) (layer B.CrtYd) (width 0.05))
    (fp_line (start 0.91 0.46) (end 0.91 -0.46) (layer B.CrtYd) (width 0.05))
    (fp_line (start 0.91 -0.46) (end -0.91 -0.46) (layer B.CrtYd) (width 0.05))
    (fp_text user %R (at 0 0) (layer B.Fab)
      (effects (font (size 0.25 0.25) (thickness 0.04)) (justify mirror))
    )
    (pad 2 smd roundrect (at 0.48 0) (size 0.56 0.62) (layers B.Cu B.Paste B.Mask) (roundrect_rratio 0.25)
      (net 107 VCC_5V))
    (pad 1 smd roundrect (at -0.48 0) (size 0.56 0.62) (layers B.Cu B.Paste B.Mask) (roundrect_rratio 0.25)
      (net 196 "Net-(C81-Pad1)"))
    (model ${KISYS3DMOD}/Capacitor_SMD.3dshapes/C_0402_1005Metric.wrl
      (at (xyz 0 0 0))
      (scale (xyz 1 1 1))
      (rotate (xyz 0 0 0))
    )
  )

  (module Capacitor_SMD:C_0402_1005Metric (layer B.Cu) (tedit 5F68FEEE) (tstamp 60ACDD96)
    (at 548.247001 26.101999)
    (descr "Capacitor SMD 0402 (1005 Metric), square (rectangular) end terminal, IPC_7351 nominal, (Body size source: IPC-SM-782 page 76, https://www.pcb-3d.com/wordpress/wp-content/uploads/ipc-sm-782a_amendment_1_and_2.pdf), generated with kicad-footprint-generator")
    (tags capacitor)
    (path /6096EA02/60CB12A8)
    (attr smd)
    (fp_text reference C80 (at 0 1.16) (layer B.SilkS)
