(kicad_pcb (version 20171130) (host pcbnew "(5.1.10)-1")

  (general
    (thickness 1.6)
    (drawings 30)
    (tracks 0)
    (zones 0)
    (modules 401)
    (nets 244)
  )

  (page User 431.8 179.4)
  (title_block
    (title Lo-Key)
    (date 2021-05-14)
    (rev Yeet2)
    (company "L0gan Co.")
  )

  (layers
    (0 F.Cu signal)
    (31 B.Cu signal)
    (32 B.Adhes user)
    (33 F.Adhes user)
    (34 B.Paste user)
    (35 F.Paste user)
    (36 B.SilkS user)
    (37 F.SilkS user)
    (38 B.Mask user)
    (39 F.Mask user)
    (40 Dwgs.User user)
    (41 Cmts.User user)
    (42 Eco1.User user)
    (43 Eco2.User user)
    (44 Edge.Cuts user)
    (45 Margin user)
    (46 B.CrtYd user)
    (47 F.CrtYd user)
    (48 B.Fab user)
    (49 F.Fab user)
  )

  (setup
    (last_trace_width 0.25)
    (trace_clearance 0.2)
    (zone_clearance 0.508)
    (zone_45_only no)
    (trace_min 0.2)
    (via_size 0.8)
    (via_drill 0.4)
    (via_min_size 0.4)
    (via_min_drill 0.3)
    (uvia_size 0.3)
    (uvia_drill 0.1)
    (uvias_allowed no)
    (uvia_min_size 0.2)
    (uvia_min_drill 0.1)
    (edge_width 0.1)
    (segment_width 0.2)
    (pcb_text_width 0.3)
    (pcb_text_size 1.5 1.5)
    (mod_edge_width 0.15)
    (mod_text_size 1 1)
    (mod_text_width 0.15)
    (pad_size 2 2.5)
    (pad_drill 0)
    (pad_to_mask_clearance 0)
    (aux_axis_origin 0 0)
    (visible_elements 7FFFF7FF)
    (pcbplotparams
      (layerselection 0x01400_7ffffffe)
      (usegerberextensions false)
      (usegerberattributes true)
      (usegerberadvancedattributes true)
      (creategerberjobfile true)
      (excludeedgelayer true)
      (linewidth 0.020000)
      (plotframeref false)
      (viasonmask false)
      (mode 1)
      (useauxorigin false)
      (hpglpennumber 1)
      (hpglpenspeed 20)
      (hpglpendiameter 15.000000)
      (psnegative false)
      (psa4output false)
      (plotreference true)
      (plotvalue true)
      (plotinvisibletext false)
      (padsonsilk false)
      (subtractmaskfromsilk false)
      (outputformat 3)
      (mirror false)
      (drillshape 0)
      (scaleselection 1)
      (outputdirectory "Final/CAD/"))
  )

  (net 0 "")
  (net 1 "Net-(D2-Pad1)")
  (net 2 "Net-(D3-Pad1)")
  (net 3 "Net-(D4-Pad1)")
  (net 4 "Net-(D5-Pad1)")
  (net 5 "Net-(D6-Pad1)")
  (net 6 "Net-(D7-Pad1)")
  (net 7 "Net-(D8-Pad1)")
  (net 8 "Net-(D9-Pad1)")
  (net 9 "Net-(D10-Pad1)")
  (net 10 "Net-(D11-Pad1)")
  (net 11 "Net-(D12-Pad1)")
  (net 12 "Net-(D13-Pad1)")
  (net 13 "Net-(D14-Pad1)")
  (net 14 "Net-(D15-Pad1)")
  (net 15 "Net-(D16-Pad1)")
  (net 16 "Net-(D17-Pad1)")
  (net 17 "Net-(D18-Pad1)")
  (net 18 "Net-(D19-Pad1)")
  (net 19 "Net-(D20-Pad1)")
  (net 20 "Net-(D21-Pad1)")
  (net 21 "Net-(D22-Pad1)")
  (net 22 "Net-(D23-Pad1)")
  (net 23 "Net-(D24-Pad1)")
  (net 24 "Net-(D25-Pad1)")
  (net 25 "Net-(D26-Pad1)")
  (net 26 "Net-(D27-Pad1)")
  (net 27 "Net-(D28-Pad1)")
  (net 28 "Net-(D29-Pad1)")
  (net 29 "Net-(D30-Pad1)")
  (net 30 "Net-(D31-Pad1)")
  (net 31 "Net-(D32-Pad1)")
  (net 32 "Net-(D33-Pad1)")
  (net 33 "Net-(D34-Pad1)")
  (net 34 "Net-(D35-Pad1)")
  (net 35 "Net-(D36-Pad1)")
  (net 36 "Net-(D37-Pad1)")
  (net 37 "Net-(D38-Pad1)")
  (net 38 "Net-(D39-Pad1)")
  (net 39 "Net-(D40-Pad1)")
  (net 40 "Net-(D41-Pad1)")
  (net 41 "Net-(D42-Pad1)")
  (net 42 "Net-(D43-Pad1)")
  (net 43 "Net-(D44-Pad1)")
  (net 44 "Net-(D45-Pad1)")
  (net 45 "Net-(D46-Pad1)")
  (net 46 "Net-(D47-Pad1)")
  (net 47 "Net-(D48-Pad1)")
  (net 48 "Net-(D49-Pad1)")
  (net 49 "Net-(D50-Pad1)")
  (net 50 "Net-(D51-Pad1)")
  (net 51 "Net-(D52-Pad1)")
  (net 52 "Net-(D53-Pad1)")
  (net 53 "Net-(D54-Pad1)")
  (net 54 "Net-(D55-Pad1)")
  (net 55 "Net-(D56-Pad1)")
  (net 56 "Net-(D57-Pad1)")
  (net 57 "Net-(D58-Pad1)")
  (net 58 "Net-(D59-Pad1)")
  (net 59 "Net-(D61-Pad1)")
  (net 60 "Net-(D62-Pad1)")
  (net 61 "Net-(D63-Pad1)")
  (net 62 "Net-(D64-Pad1)")
  (net 63 "Net-(D65-Pad1)")
  (net 64 "Net-(D66-Pad1)")
  (net 65 "Net-(D67-Pad1)")
  (net 66 "Net-(D68-Pad1)")
  (net 67 "Net-(D70-Pad1)")
  (net 68 "Net-(D71-Pad1)")
  (net 69 "Net-(D72-Pad1)")
  (net 70 "Net-(Backspace1-Pad2)")
  (net 71 "Net-(D73-Pad1)")
  (net 72 "Net-(D74-Pad1)")
  (net 73 "Net-(CAPS1-Pad2)")
  (net 74 "Net-(D75-Pad1)")
  (net 75 "Net-(D76-Pad1)")
  (net 76 "Net-(D77-Pad1)")
  (net 77 "Net-(D78-Pad1)")
  (net 78 "Net-(D79-Pad1)")
  (net 79 "Net-(D80-Pad1)")
  (net 80 "Net-(D81-Pad1)")
  (net 81 "Net-(D82-Pad1)")
  (net 82 "Net-(D83-Pad1)")
  (net 83 "Net-(D84-Pad1)")
  (net 84 LED_GND)
  (net 85 LED_5V)
  (net 86 TEENSY_GND)
  (net 87 ROW5)
  (net 88 ROW2)
  (net 89 COL0)
  (net 90 COL1)
  (net 91 COL2)
  (net 92 COL3)
  (net 93 COL4)
  (net 94 COL5)
  (net 95 COL6)
  (net 96 COL7)
  (net 97 COL8)
  (net 98 COL9)
  (net 99 COL10)
  (net 100 COL11)
  (net 101 COL12)
  (net 102 COL13)
  (net 103 /RGB/INPUT)
  (net 104 ROW0)
  (net 105 ROW3)
  (net 106 ROW4)
  (net 107 ROW1)
  (net 108 VCC)
  (net 109 LED_DATA)
  (net 110 "Net-(R1-Pad2)")
  (net 111 "Net-(R4-Pad2)")
  (net 112 "Net-(R2-Pad1)")
  (net 113 "Net-(R3-Pad1)")
  (net 114 "Net-(D168-Pad2)")
  (net 115 "Net-(D165-Pad2)")
  (net 116 "Net-(D166-Pad2)")
  (net 117 "Net-(D167-Pad2)")
  (net 118 "Net-(D100-Pad4)")
  (net 119 "Net-(D101-Pad4)")
  (net 120 "Net-(D102-Pad4)")
  (net 121 "Net-(D103-Pad4)")
  (net 122 "Net-(D100-Pad2)")
  (net 123 "Net-(D101-Pad2)")
  (net 124 "Net-(D102-Pad2)")
  (net 125 "Net-(D103-Pad2)")
  (net 126 "Net-(D104-Pad2)")
  (net 127 "Net-(D105-Pad2)")
  (net 128 "Net-(D106-Pad2)")
  (net 129 "Net-(D107-Pad2)")
  (net 130 "Net-(D108-Pad2)")
  (net 131 "Net-(D109-Pad2)")
  (net 132 "Net-(D110-Pad2)")
  (net 133 "Net-(D111-Pad2)")
  (net 134 "Net-(D112-Pad2)")
  (net 135 "Net-(D113-Pad2)")
  (net 136 "Net-(D114-Pad2)")
  (net 137 "Net-(D115-Pad2)")
  (net 138 "Net-(D116-Pad2)")
  (net 139 "Net-(D117-Pad2)")
  (net 140 "Net-(D118-Pad2)")
  (net 141 "Net-(D119-Pad2)")
  (net 142 "Net-(D120-Pad2)")
  (net 143 "Net-(D121-Pad2)")
  (net 144 "Net-(D122-Pad2)")
  (net 145 "Net-(D123-Pad2)")
  (net 146 "Net-(D124-Pad2)")
  (net 147 "Net-(D125-Pad2)")
  (net 148 "Net-(D126-Pad2)")
  (net 149 "Net-(D127-Pad2)")
  (net 150 "Net-(D128-Pad2)")
  (net 151 "Net-(D129-Pad2)")
  (net 152 "Net-(D130-Pad2)")
  (net 153 "Net-(D131-Pad2)")
  (net 154 "Net-(D132-Pad2)")
  (net 155 "Net-(D133-Pad2)")
  (net 156 "Net-(D134-Pad2)")
  (net 157 "Net-(D135-Pad2)")
  (net 158 "Net-(D136-Pad2)")
  (net 159 "Net-(D137-Pad2)")
  (net 160 "Net-(D138-Pad2)")
  (net 161 "Net-(D139-Pad2)")
  (net 162 "Net-(D140-Pad2)")
  (net 163 "Net-(D141-Pad2)")
  (net 164 "Net-(D142-Pad2)")
  (net 165 "Net-(D143-Pad2)")
  (net 166 "Net-(D144-Pad2)")
  (net 167 "Net-(D145-Pad2)")
  (net 168 "Net-(D146-Pad2)")
  (net 169 "Net-(D147-Pad2)")
  (net 170 "Net-(D148-Pad2)")
  (net 171 "Net-(D149-Pad2)")
  (net 172 "Net-(D150-Pad2)")
  (net 173 "Net-(D151-Pad2)")
  (net 174 "Net-(D152-Pad2)")
  (net 175 "Net-(D153-Pad2)")
  (net 176 "Net-(D154-Pad2)")
  (net 177 "Net-(D155-Pad2)")
  (net 178 "Net-(D156-Pad2)")
  (net 179 "Net-(D157-Pad2)")
  (net 180 "Net-(D158-Pad2)")
  (net 181 "Net-(D159-Pad2)")
  (net 182 "Net-(D160-Pad2)")
  (net 183 "Net-(D161-Pad2)")
  (net 184 "Net-(D162-Pad2)")
  (net 185 "Net-(D163-Pad2)")
  (net 186 "Net-(D164-Pad2)")
  (net 187 "Net-(J2-Pad3)")
  (net 188 "Net-(J2-Pad2)")
  (net 189 ROW6)
  (net 190 PWR_5V)
  (net 191 "Net-(J1-Pad12)")
  (net 192 "Net-(J1-Pad11)")
  (net 193 "Net-(J1-Pad10)")
  (net 194 "Net-(J1-Pad9)")
  (net 195 "Net-(J1-Pad8)")
  (net 196 "Net-(J1-Pad7)")
  (net 197 "Net-(J1-Pad6)")
  (net 198 "Net-(J1-Pad5)")
  (net 199 "Net-(J2-Pad4)")
  (net 200 "Net-(U1-Pad42)")
  (net 201 /ATmega32U4-AU/PF0)
  (net 202 /ATmega32U4-AU/PF1)
  (net 203 /ATmega32U4-AU/PC6)
  (net 204 "Net-(D179-Pad2)")
  (net 205 "Net-(D180-Pad2)")
  (net 206 "Net-(D181-Pad2)")
  (net 207 "Net-(D182-Pad2)")
  (net 208 "Net-(D183-Pad2)")
  (net 209 "Net-(D185-Pad2)")
  (net 210 "Net-(D186-Pad2)")
  (net 211 "Net-(D187-Pad2)")
  (net 212 "Net-(D188-Pad2)")
  (net 213 "Net-(D190-Pad2)")
  (net 214 "Net-(D191-Pad2)")
  (net 215 "Net-(D192-Pad2)")
  (net 216 "Net-(D193-Pad2)")
  (net 217 "Net-(D195-Pad2)")
  (net 218 "Net-(C107-Pad1)")
  (net 219 "Net-(C108-Pad1)")
  (net 220 "Net-(C109-Pad2)")
  (net 221 "Net-(C109-Pad1)")
  (net 222 "Net-(D60-Pad1)")
  (net 223 "Net-(D85-Pad1)")
  (net 224 "Net-(D86-Pad1)")
  (net 225 "Net-(D87-Pad1)")
  (net 226 "Net-(D88-Pad1)")
  (net 227 "Net-(D89-Pad1)")
  (net 228 "Net-(D90-Pad1)")
  (net 229 "Net-(D91-Pad1)")
  (net 230 "Net-(D92-Pad1)")
  (net 231 "Net-(D93-Pad1)")
  (net 232 "Net-(D94-Pad1)")
  (net 233 "Net-(D104-Pad4)")
  (net 234 "Net-(D169-Pad2)")
  (net 235 "Net-(D170-Pad2)")
  (net 236 "Net-(D171-Pad2)")
  (net 237 "Net-(D172-Pad2)")
  (net 238 "Net-(D173-Pad2)")
  (net 239 "Net-(D174-Pad2)")
  (net 240 "Net-(D175-Pad2)")
  (net 241 "Net-(D176-Pad2)")
  (net 242 "Net-(D177-Pad2)")
  (net 243 "Net-(D178-Pad2)")

  (net_class Default "This is the default net class."
    (clearance 0.2)
    (trace_width 0.25)
    (via_dia 0.8)
    (via_drill 0.4)
    (uvia_dia 0.3)
    (uvia_drill 0.1)
    (add_net /ATmega32U4-AU/PC6)
    (add_net /ATmega32U4-AU/PF0)
    (add_net /ATmega32U4-AU/PF1)
    (add_net /RGB/INPUT)
    (add_net COL0)
    (add_net COL1)
    (add_net COL10)
    (add_net COL11)
    (add_net COL12)
    (add_net COL13)
    (add_net COL2)
    (add_net COL3)
    (add_net COL4)
    (add_net COL5)
    (add_net COL6)
    (add_net COL7)
    (add_net COL8)
    (add_net COL9)
    (add_net LED_5V)
    (add_net LED_DATA)
    (add_net LED_GND)
    (add_net "Net-(Backspace1-Pad2)")
    (add_net "Net-(C107-Pad1)")
    (add_net "Net-(C108-Pad1)")
    (add_net "Net-(C109-Pad1)")
    (add_net "Net-(C109-Pad2)")
    (add_net "Net-(CAPS1-Pad2)")
    (add_net "Net-(D10-Pad1)")
    (add_net "Net-(D100-Pad2)")
    (add_net "Net-(D100-Pad4)")
    (add_net "Net-(D101-Pad2)")
    (add_net "Net-(D101-Pad4)")
    (add_net "Net-(D102-Pad2)")
    (add_net "Net-(D102-Pad4)")
    (add_net "Net-(D103-Pad2)")
    (add_net "Net-(D103-Pad4)")
    (add_net "Net-(D104-Pad2)")
    (add_net "Net-(D104-Pad4)")
    (add_net "Net-(D105-Pad2)")
    (add_net "Net-(D106-Pad2)")
    (add_net "Net-(D107-Pad2)")
    (add_net "Net-(D108-Pad2)")
    (add_net "Net-(D109-Pad2)")
    (add_net "Net-(D11-Pad1)")
    (add_net "Net-(D110-Pad2)")
    (add_net "Net-(D111-Pad2)")
    (add_net "Net-(D112-Pad2)")
    (add_net "Net-(D113-Pad2)")
    (add_net "Net-(D114-Pad2)")
    (add_net "Net-(D115-Pad2)")
    (add_net "Net-(D116-Pad2)")
    (add_net "Net-(D117-Pad2)")
    (add_net "Net-(D118-Pad2)")
    (add_net "Net-(D119-Pad2)")
    (add_net "Net-(D12-Pad1)")
    (add_net "Net-(D120-Pad2)")
    (add_net "Net-(D121-Pad2)")
    (add_net "Net-(D122-Pad2)")
    (add_net "Net-(D123-Pad2)")
    (add_net "Net-(D124-Pad2)")
    (add_net "Net-(D125-Pad2)")
    (add_net "Net-(D126-Pad2)")
    (add_net "Net-(D127-Pad2)")
    (add_net "Net-(D128-Pad2)")
    (add_net "Net-(D129-Pad2)")
    (add_net "Net-(D13-Pad1)")
    (add_net "Net-(D130-Pad2)")
    (add_net "Net-(D131-Pad2)")
    (add_net "Net-(D132-Pad2)")
    (add_net "Net-(D133-Pad2)")
    (add_net "Net-(D134-Pad2)")
    (add_net "Net-(D135-Pad2)")
    (add_net "Net-(D136-Pad2)")
    (add_net "Net-(D137-Pad2)")
    (add_net "Net-(D138-Pad2)")
    (add_net "Net-(D139-Pad2)")
    (add_net "Net-(D14-Pad1)")
    (add_net "Net-(D140-Pad2)")
    (add_net "Net-(D141-Pad2)")
    (add_net "Net-(D142-Pad2)")
    (add_net "Net-(D143-Pad2)")
    (add_net "Net-(D144-Pad2)")
    (add_net "Net-(D145-Pad2)")
    (add_net "Net-(D146-Pad2)")
    (add_net "Net-(D147-Pad2)")
    (add_net "Net-(D148-Pad2)")
    (add_net "Net-(D149-Pad2)")
    (add_net "Net-(D15-Pad1)")
    (add_net "Net-(D150-Pad2)")
    (add_net "Net-(D151-Pad2)")
    (add_net "Net-(D152-Pad2)")
    (add_net "Net-(D153-Pad2)")
    (add_net "Net-(D154-Pad2)")
    (add_net "Net-(D155-Pad2)")
    (add_net "Net-(D156-Pad2)")
    (add_net "Net-(D157-Pad2)")
    (add_net "Net-(D158-Pad2)")
    (add_net "Net-(D159-Pad2)")
    (add_net "Net-(D16-Pad1)")
    (add_net "Net-(D160-Pad2)")
    (add_net "Net-(D161-Pad2)")
    (add_net "Net-(D162-Pad2)")
    (add_net "Net-(D163-Pad2)")
    (add_net "Net-(D164-Pad2)")
    (add_net "Net-(D165-Pad2)")
    (add_net "Net-(D166-Pad2)")
    (add_net "Net-(D167-Pad2)")
    (add_net "Net-(D168-Pad2)")
    (add_net "Net-(D169-Pad2)")
    (add_net "Net-(D17-Pad1)")
    (add_net "Net-(D170-Pad2)")
    (add_net "Net-(D171-Pad2)")
    (add_net "Net-(D172-Pad2)")
    (add_net "Net-(D173-Pad2)")
    (add_net "Net-(D174-Pad2)")
    (add_net "Net-(D175-Pad2)")
    (add_net "Net-(D176-Pad2)")
    (add_net "Net-(D177-Pad2)")
    (add_net "Net-(D178-Pad2)")
    (add_net "Net-(D179-Pad2)")
    (add_net "Net-(D18-Pad1)")
    (add_net "Net-(D180-Pad2)")
    (add_net "Net-(D181-Pad2)")
    (add_net "Net-(D182-Pad2)")
    (add_net "Net-(D183-Pad2)")
    (add_net "Net-(D185-Pad2)")
    (add_net "Net-(D186-Pad2)")
    (add_net "Net-(D187-Pad2)")
    (add_net "Net-(D188-Pad2)")
    (add_net "Net-(D19-Pad1)")
    (add_net "Net-(D190-Pad2)")
    (add_net "Net-(D191-Pad2)")
    (add_net "Net-(D192-Pad2)")
    (add_net "Net-(D193-Pad2)")
    (add_net "Net-(D195-Pad2)")
    (add_net "Net-(D2-Pad1)")
    (add_net "Net-(D20-Pad1)")
    (add_net "Net-(D21-Pad1)")
    (add_net "Net-(D22-Pad1)")
    (add_net "Net-(D23-Pad1)")
    (add_net "Net-(D24-Pad1)")
    (add_net "Net-(D25-Pad1)")
    (add_net "Net-(D26-Pad1)")
    (add_net "Net-(D27-Pad1)")
    (add_net "Net-(D28-Pad1)")
    (add_net "Net-(D29-Pad1)")
    (add_net "Net-(D3-Pad1)")
    (add_net "Net-(D30-Pad1)")
    (add_net "Net-(D31-Pad1)")
    (add_net "Net-(D32-Pad1)")
    (add_net "Net-(D33-Pad1)")
    (add_net "Net-(D34-Pad1)")
    (add_net "Net-(D35-Pad1)")
    (add_net "Net-(D36-Pad1)")
    (add_net "Net-(D37-Pad1)")
    (add_net "Net-(D38-Pad1)")
    (add_net "Net-(D39-Pad1)")
    (add_net "Net-(D4-Pad1)")
    (add_net "Net-(D40-Pad1)")
    (add_net "Net-(D41-Pad1)")
    (add_net "Net-(D42-Pad1)")
    (add_net "Net-(D43-Pad1)")
    (add_net "Net-(D44-Pad1)")
    (add_net "Net-(D45-Pad1)")
    (add_net "Net-(D46-Pad1)")
    (add_net "Net-(D47-Pad1)")
    (add_net "Net-(D48-Pad1)")
    (add_net "Net-(D49-Pad1)")
    (add_net "Net-(D5-Pad1)")
    (add_net "Net-(D50-Pad1)")
    (add_net "Net-(D51-Pad1)")
    (add_net "Net-(D52-Pad1)")
    (add_net "Net-(D53-Pad1)")
    (add_net "Net-(D54-Pad1)")
    (add_net "Net-(D55-Pad1)")
    (add_net "Net-(D56-Pad1)")
    (add_net "Net-(D57-Pad1)")
    (add_net "Net-(D58-Pad1)")
    (add_net "Net-(D59-Pad1)")
    (add_net "Net-(D6-Pad1)")
    (add_net "Net-(D60-Pad1)")
    (add_net "Net-(D61-Pad1)")
    (add_net "Net-(D62-Pad1)")
    (add_net "Net-(D63-Pad1)")
    (add_net "Net-(D64-Pad1)")
    (add_net "Net-(D65-Pad1)")
    (add_net "Net-(D66-Pad1)")
    (add_net "Net-(D67-Pad1)")
    (add_net "Net-(D68-Pad1)")
    (add_net "Net-(D7-Pad1)")
    (add_net "Net-(D70-Pad1)")
    (add_net "Net-(D71-Pad1)")
    (add_net "Net-(D72-Pad1)")
    (add_net "Net-(D73-Pad1)")
    (add_net "Net-(D74-Pad1)")
    (add_net "Net-(D75-Pad1)")
    (add_net "Net-(D76-Pad1)")
    (add_net "Net-(D77-Pad1)")
    (add_net "Net-(D78-Pad1)")
    (add_net "Net-(D79-Pad1)")
    (add_net "Net-(D8-Pad1)")
    (add_net "Net-(D80-Pad1)")
    (add_net "Net-(D81-Pad1)")
    (add_net "Net-(D82-Pad1)")
    (add_net "Net-(D83-Pad1)")
    (add_net "Net-(D84-Pad1)")
    (add_net "Net-(D85-Pad1)")
    (add_net "Net-(D86-Pad1)")
    (add_net "Net-(D87-Pad1)")
    (add_net "Net-(D88-Pad1)")
    (add_net "Net-(D89-Pad1)")
    (add_net "Net-(D9-Pad1)")
    (add_net "Net-(D90-Pad1)")
    (add_net "Net-(D91-Pad1)")
    (add_net "Net-(D92-Pad1)")
    (add_net "Net-(D93-Pad1)")
    (add_net "Net-(D94-Pad1)")
    (add_net "Net-(J1-Pad10)")
    (add_net "Net-(J1-Pad11)")
    (add_net "Net-(J1-Pad12)")
    (add_net "Net-(J1-Pad5)")
    (add_net "Net-(J1-Pad6)")
    (add_net "Net-(J1-Pad7)")
    (add_net "Net-(J1-Pad8)")
    (add_net "Net-(J1-Pad9)")
    (add_net "Net-(J2-Pad2)")
    (add_net "Net-(J2-Pad3)")
    (add_net "Net-(J2-Pad4)")
    (add_net "Net-(R1-Pad2)")
    (add_net "Net-(R2-Pad1)")
    (add_net "Net-(R3-Pad1)")
    (add_net "Net-(R4-Pad2)")
    (add_net "Net-(U1-Pad42)")
    (add_net PWR_5V)
    (add_net ROW0)
    (add_net ROW1)
    (add_net ROW2)
    (add_net ROW3)
    (add_net ROW4)
    (add_net ROW5)
    (add_net ROW6)
    (add_net TEENSY_GND)
    (add_net VCC)
  )

  (module CHGRAY_LED:LED_WS2812-2020 (layer F.Cu) (tedit 60C533A2) (tstamp 6132D128)
    (at 162.1028 119.5832)
    (path /6096EA02/614B82FC)
    (attr smd)
    (fp_text reference D179 (at 0 -2.04) (layer F.Fab)
      (effects (font (size 1 1) (thickness 0.15)))
    )
    (fp_text value LED (at 0.14 2.32) (layer F.Fab)
      (effects (font (size 1 1) (thickness 0.15)))
    )
    (fp_line (start -1.515 -1.25) (end -1.515 1.25) (layer F.CrtYd) (width 0.12))
    (fp_line (start -1.515 1.25) (end 1.515 1.25) (layer F.CrtYd) (width 0.12))
    (fp_line (start 1.515 1.25) (end 1.515 -1.25) (layer F.CrtYd) (width 0.12))
    (fp_line (start 1.51 -1.25) (end -1.515 -1.25) (layer F.CrtYd) (width 0.12))
    (fp_text user DO (at 2.667 0.635) (layer F.SilkS)
      (effects (font (size 1 1) (thickness 0.15)))
    )
    (fp_text user GND (at 3.302 -0.635) (layer F.SilkS)
      (effects (font (size 1 1) (thickness 0.15)))
    )
    (fp_text user VDD (at -3.048 0.635) (layer F.SilkS)
      (effects (font (size 1 1) (thickness 0.15)))
    )
    (fp_text user DI (at -2.286 -0.762) (layer F.SilkS)
      (effects (font (size 1 1) (thickness 0.15)))
    )
    (pad 3 smd rect (at 0.915 -0.55) (size 0.7 0.7) (layers F.Cu F.Paste F.Mask)
      (net 84 LED_GND))
    (pad 2 smd rect (at 0.915 0.55) (size 0.7 0.7) (layers F.Cu F.Paste F.Mask)
      (net 204 "Net-(D179-Pad2)"))
    (pad 1 smd rect (at -0.915 0.55) (size 0.7 0.7) (layers F.Cu F.Paste F.Mask)
      (net 85 LED_5V))
    (pad 4 smd rect (at -0.915 -0.55) (size 0.7 0.7) (layers F.Cu F.Paste F.Mask)
      (net 239 "Net-(D174-Pad2)"))
  )

  (module Capacitor_SMD:C_0402_1005Metric (layer F.Cu) (tedit 5F68FEEE) (tstamp 6132B337)
    (at 315.6712 39.7129 90)
    (descr "Capacitor SMD 0402 (1005 Metric), square (rectangular) end terminal, IPC_7351 nominal, (Body size source: IPC-SM-782 page 76, https://www.pcb-3d.com/wordpress/wp-content/uploads/ipc-sm-782a_amendment_1_and_2.pdf), generated with kicad-footprint-generator")
    (tags capacitor)
    (path /6096EA02/614B8316)
    (attr smd)
    (fp_text reference C85 (at 0 -1.16 90) (layer F.SilkS)
      (effects (font (size 1 1) (thickness 0.15)))
    )
    (fp_text value "C104  0.1uF 100nF" (at 0 1.16 90) (layer F.Fab)
      (effects (font (size 1 1) (thickness 0.15)))
    )
    (fp_line (start 0.91 0.46) (end -0.91 0.46) (layer F.CrtYd) (width 0.05))
    (fp_line (start 0.91 -0.46) (end 0.91 0.46) (layer F.CrtYd) (width 0.05))
    (fp_line (start -0.91 -0.46) (end 0.91 -0.46) (layer F.CrtYd) (width 0.05))
    (fp_line (start -0.91 0.46) (end -0.91 -0.46) (layer F.CrtYd) (width 0.05))
    (fp_line (start -0.107836 0.36) (end 0.107836 0.36) (layer F.SilkS) (width 0.12))
    (fp_line (start -0.107836 -0.36) (end 0.107836 -0.36) (layer F.SilkS) (width 0.12))
    (fp_line (start 0.5 0.25) (end -0.5 0.25) (layer F.Fab) (width 0.1))
    (fp_line (start 0.5 -0.25) (end 0.5 0.25) (layer F.Fab) (width 0.1))
    (fp_line (start -0.5 -0.25) (end 0.5 -0.25) (layer F.Fab) (width 0.1))
    (fp_line (start -0.5 0.25) (end -0.5 -0.25) (layer F.Fab) (width 0.1))
    (fp_text user %R (at 0 0 90) (layer F.Fab)
      (effects (font (size 0.25 0.25) (thickness 0.04)))
    )
    (pad 2 smd roundrect (at 0.48 0 90) (size 0.56 0.62) (layers F.Cu F.Paste F.Mask) (roundrect_rratio 0.25)
      (net 85 LED_5V))
    (pad 1 smd roundrect (at -0.48 0 90) (size 0.56 0.62) (layers F.Cu F.Paste F.Mask) (roundrect_rratio 0.25)
      (net 84 LED_GND))
    (model ${KISYS3DMOD}/Capacitor_SMD.3dshapes/C_0402_1005Metric.wrl
      (at (xyz 0 0 0))
      (scale (xyz 1 1 1))
      (rotate (xyz 0 0 0))
    )
  )

  (module CHGRAY_LED:LED_WS2812-2020 (layer F.Cu) (tedit 60C533A2) (tstamp 61320FFB)
    (at 179.2726 119.2188)
    (path /6096EA02/6146D8DF)
    (attr smd)
    (fp_text reference D174 (at 0 -2.04) (layer F.Fab)
      (effects (font (size 1 1) (thickness 0.15)))
    )
    (fp_text value LED (at 0.14 2.32) (layer F.Fab)
      (effects (font (size 1 1) (thickness 0.15)))
    )
    (fp_line (start 1.51 -1.25) (end -1.515 -1.25) (layer F.CrtYd) (width 0.12))
    (fp_line (start 1.515 1.25) (end 1.515 -1.25) (layer F.CrtYd) (width 0.12))
    (fp_line (start -1.515 1.25) (end 1.515 1.25) (layer F.CrtYd) (width 0.12))
    (fp_line (start -1.515 -1.25) (end -1.515 1.25) (layer F.CrtYd) (width 0.12))
    (fp_text user DO (at 2.667 0.635) (layer F.SilkS)
      (effects (font (size 1 1) (thickness 0.15)))
    )
    (fp_text user GND (at 3.302 -0.635) (layer F.SilkS)
      (effects (font (size 1 1) (thickness 0.15)))
    )
    (fp_text user VDD (at -3.048 0.635) (layer F.SilkS)
      (effects (font (size 1 1) (thickness 0.15)))
    )
    (fp_text user DI (at -2.286 -0.762) (layer F.SilkS)
      (effects (font (size 1 1) (thickness 0.15)))
    )
    (pad 3 smd rect (at 0.915 -0.55) (size 0.7 0.7) (layers F.Cu F.Paste F.Mask)
      (net 84 LED_GND))
    (pad 2 smd rect (at 0.915 0.55) (size 0.7 0.7) (layers F.Cu F.Paste F.Mask)
      (net 239 "Net-(D174-Pad2)"))
    (pad 1 smd rect (at -0.915 0.55) (size 0.7 0.7) (layers F.Cu F.Paste F.Mask)
      (net 85 LED_5V))
    (pad 4 smd rect (at -0.915 -0.55) (size 0.7 0.7) (layers F.Cu F.Paste F.Mask)
      (net 234 "Net-(D169-Pad2)"))
  )

  (module CHGRAY_LED:LED_WS2812-2020 (layer F.Cu) (tedit 60C533A2) (tstamp 61320FEB)
    (at 140.716 119.38)
    (path /6096EA02/6146D8BB)
    (attr smd)
    (fp_text reference D169 (at 0 -2.04) (layer F.Fab)
      (effects (font (size 1 1) (thickness 0.15)))
    )
    (fp_text value LED (at 0.14 2.32) (layer F.Fab)
      (effects (font (size 1 1) (thickness 0.15)))
    )
    (fp_line (start 1.51 -1.25) (end -1.515 -1.25) (layer F.CrtYd) (width 0.12))
    (fp_line (start 1.515 1.25) (end 1.515 -1.25) (layer F.CrtYd) (width 0.12))
    (fp_line (start -1.515 1.25) (end 1.515 1.25) (layer F.CrtYd) (width 0.12))
    (fp_line (start -1.515 -1.25) (end -1.515 1.25) (layer F.CrtYd) (width 0.12))
    (fp_text user DO (at 2.667 0.635) (layer F.SilkS)
      (effects (font (size 1 1) (thickness 0.15)))
    )
    (fp_text user GND (at 3.302 -0.635) (layer F.SilkS)
      (effects (font (size 1 1) (thickness 0.15)))
    )
    (fp_text user VDD (at -3.048 0.635) (layer F.SilkS)
      (effects (font (size 1 1) (thickness 0.15)))
    )
    (fp_text user DI (at -2.286 -0.762) (layer F.SilkS)
      (effects (font (size 1 1) (thickness 0.15)))
    )
    (pad 3 smd rect (at 0.915 -0.55) (size 0.7 0.7) (layers F.Cu F.Paste F.Mask)
      (net 84 LED_GND))
    (pad 2 smd rect (at 0.915 0.55) (size 0.7 0.7) (layers F.Cu F.Paste F.Mask)
      (net 234 "Net-(D169-Pad2)"))
    (pad 1 smd rect (at -0.915 0.55) (size 0.7 0.7) (layers F.Cu F.Paste F.Mask)
      (net 85 LED_5V))
    (pad 4 smd rect (at -0.915 -0.55) (size 0.7 0.7) (layers F.Cu F.Paste F.Mask)
      (net 186 "Net-(D164-Pad2)"))
  )

  (module CHGRAY_LED:LED_WS2812-2020 (layer F.Cu) (tedit 60C533A2) (tstamp 61320FDB)
    (at 196.5452 119.0244)
    (path /6096EA02/6146D8B5)
    (attr smd)
    (fp_text reference D164 (at 0 -2.04) (layer F.Fab)
      (effects (font (size 1 1) (thickness 0.15)))
    )
    (fp_text value LED (at 0.14 2.32) (layer F.Fab)
      (effects (font (size 1 1) (thickness 0.15)))
    )
    (fp_line (start 1.51 -1.25) (end -1.515 -1.25) (layer F.CrtYd) (width 0.12))
    (fp_line (start 1.515 1.25) (end 1.515 -1.25) (layer F.CrtYd) (width 0.12))
    (fp_line (start -1.515 1.25) (end 1.515 1.25) (layer F.CrtYd) (width 0.12))
    (fp_line (start -1.515 -1.25) (end -1.515 1.25) (layer F.CrtYd) (width 0.12))
    (fp_text user DO (at 2.667 0.635) (layer F.SilkS)
      (effects (font (size 1 1) (thickness 0.15)))
    )
    (fp_text user GND (at 3.302 -0.635) (layer F.SilkS)
      (effects (font (size 1 1) (thickness 0.15)))
    )
    (fp_text user VDD (at -3.048 0.635) (layer F.SilkS)
      (effects (font (size 1 1) (thickness 0.15)))
    )
    (fp_text user DI (at -2.286 -0.762) (layer F.SilkS)
      (effects (font (size 1 1) (thickness 0.15)))
    )
    (pad 3 smd rect (at 0.915 -0.55) (size 0.7 0.7) (layers F.Cu F.Paste F.Mask)
      (net 84 LED_GND))
    (pad 2 smd rect (at 0.915 0.55) (size 0.7 0.7) (layers F.Cu F.Paste F.Mask)
      (net 186 "Net-(D164-Pad2)"))
    (pad 1 smd rect (at -0.915 0.55) (size 0.7 0.7) (layers F.Cu F.Paste F.Mask)
      (net 85 LED_5V))
    (pad 4 smd rect (at -0.915 -0.55) (size 0.7 0.7) (layers F.Cu F.Paste F.Mask)
      (net 181 "Net-(D159-Pad2)"))
  )

  (module CHGRAY_LED:LED_WS2812-2020 (layer F.Cu) (tedit 60C533A2) (tstamp 61320FCB)
    (at 120.142 119.38)
    (path /6096EA02/6146D8AF)
    (attr smd)
    (fp_text reference D159 (at 0 -2.04) (layer F.Fab)
      (effects (font (size 1 1) (thickness 0.15)))
    )
    (fp_text value LED (at 0.14 2.32) (layer F.Fab)
      (effects (font (size 1 1) (thickness 0.15)))
    )
    (fp_line (start 1.51 -1.25) (end -1.515 -1.25) (layer F.CrtYd) (width 0.12))
    (fp_line (start 1.515 1.25) (end 1.515 -1.25) (layer F.CrtYd) (width 0.12))
    (fp_line (start -1.515 1.25) (end 1.515 1.25) (layer F.CrtYd) (width 0.12))
    (fp_line (start -1.515 -1.25) (end -1.515 1.25) (layer F.CrtYd) (width 0.12))
    (fp_text user DO (at 2.667 0.635) (layer F.SilkS)
      (effects (font (size 1 1) (thickness 0.15)))
    )
    (fp_text user GND (at 3.302 -0.635) (layer F.SilkS)
      (effects (font (size 1 1) (thickness 0.15)))
    )
    (fp_text user VDD (at -3.048 0.635) (layer F.SilkS)
      (effects (font (size 1 1) (thickness 0.15)))
    )
    (fp_text user DI (at -2.286 -0.762) (layer F.SilkS)
      (effects (font (size 1 1) (thickness 0.15)))
    )
    (pad 3 smd rect (at 0.915 -0.55) (size 0.7 0.7) (layers F.Cu F.Paste F.Mask)
      (net 84 LED_GND))
    (pad 2 smd rect (at 0.915 0.55) (size 0.7 0.7) (layers F.Cu F.Paste F.Mask)
      (net 181 "Net-(D159-Pad2)"))
    (pad 1 smd rect (at -0.915 0.55) (size 0.7 0.7) (layers F.Cu F.Paste F.Mask)
      (net 85 LED_5V))
    (pad 4 smd rect (at -0.915 -0.55) (size 0.7 0.7) (layers F.Cu F.Paste F.Mask)
      (net 176 "Net-(D154-Pad2)"))
  )

  (module Capacitor_SMD:C_0402_1005Metric (layer F.Cu) (tedit 5F68FEEE) (tstamp 6131F285)
    (at 315.6712 35.49015 90)
    (descr "Capacitor SMD 0402 (1005 Metric), square (rectangular) end terminal, IPC_7351 nominal, (Body size source: IPC-SM-782 page 76, https://www.pcb-3d.com/wordpress/wp-content/uploads/ipc-sm-782a_amendment_1_and_2.pdf), generated with kicad-footprint-generator")
    (tags capacitor)
    (path /6096EA02/6146D8E5)
    (attr smd)
    (fp_text reference C80 (at 0 -1.16 90) (layer F.SilkS)
      (effects (font (size 1 1) (thickness 0.15)))
    )
    (fp_text value "C104  0.1uF 100nF" (at 0 1.16 90) (layer F.Fab)
      (effects (font (size 1 1) (thickness 0.15)))
    )
    (fp_line (start -0.5 0.25) (end -0.5 -0.25) (layer F.Fab) (width 0.1))
    (fp_line (start -0.5 -0.25) (end 0.5 -0.25) (layer F.Fab) (width 0.1))
    (fp_line (start 0.5 -0.25) (end 0.5 0.25) (layer F.Fab) (width 0.1))
    (fp_line (start 0.5 0.25) (end -0.5 0.25) (layer F.Fab) (width 0.1))
    (fp_line (start -0.107836 -0.36) (end 0.107836 -0.36) (layer F.SilkS) (width 0.12))
    (fp_line (start -0.107836 0.36) (end 0.107836 0.36) (layer F.SilkS) (width 0.12))
    (fp_line (start -0.91 0.46) (end -0.91 -0.46) (layer F.CrtYd) (width 0.05))
    (fp_line (start -0.91 -0.46) (end 0.91 -0.46) (layer F.CrtYd) (width 0.05))
    (fp_line (start 0.91 -0.46) (end 0.91 0.46) (layer F.CrtYd) (width 0.05))
    (fp_line (start 0.91 0.46) (end -0.91 0.46) (layer F.CrtYd) (width 0.05))
    (fp_text user %R (at 0 0 90) (layer F.Fab)
      (effects (font (size 0.25 0.25) (thickness 0.04)))
    )
    (pad 2 smd roundrect (at 0.48 0 90) (size 0.56 0.62) (layers F.Cu F.Paste F.Mask) (roundrect_rratio 0.25)
      (net 85 LED_5V))
    (pad 1 smd roundrect (at -0.48 0 90) (size 0.56 0.62) (layers F.Cu F.Paste F.Mask) (roundrect_rratio 0.25)
      (net 84 LED_GND))
    (model ${KISYS3DMOD}/Capacitor_SMD.3dshapes/C_0402_1005Metric.wrl
      (at (xyz 0 0 0))
      (scale (xyz 1 1 1))
      (rotate (xyz 0 0 0))
    )
  )

  (module Capacitor_SMD:C_0402_1005Metric (layer F.Cu) (tedit 5F68FEEE) (tstamp 6131F274)
    (at 315.6712 46.047025 90)
    (descr "Capacitor SMD 0402 (1005 Metric), square (rectangular) end terminal, IPC_7351 nominal, (Body size source: IPC-SM-782 page 76, https://www.pcb-3d.com/wordpress/wp-content/uploads/ipc-sm-782a_amendment_1_and_2.pdf), generated with kicad-footprint-generator")
    (tags capacitor)
    (path /6096EA02/6146D8C1)
    (attr smd)
    (fp_text reference C75 (at 0 -1.16 90) (layer F.SilkS)
      (effects (font (size 1 1) (thickness 0.15)))
    )
    (fp_text value "C104  0.1uF 100nF" (at 0 1.16 90) (layer F.Fab)
      (effects (font (size 1 1) (thickness 0.15)))
    )
    (fp_line (start -0.5 0.25) (end -0.5 -0.25) (layer F.Fab) (width 0.1))
    (fp_line (start -0.5 -0.25) (end 0.5 -0.25) (layer F.Fab) (width 0.1))
    (fp_line (start 0.5 -0.25) (end 0.5 0.25) (layer F.Fab) (width 0.1))
    (fp_line (start 0.5 0.25) (end -0.5 0.25) (layer F.Fab) (width 0.1))
    (fp_line (start -0.107836 -0.36) (end 0.107836 -0.36) (layer F.SilkS) (width 0.12))
    (fp_line (start -0.107836 0.36) (end 0.107836 0.36) (layer F.SilkS) (width 0.12))
    (fp_line (start -0.91 0.46) (end -0.91 -0.46) (layer F.CrtYd) (width 0.05))
    (fp_line (start -0.91 -0.46) (end 0.91 -0.46) (layer F.CrtYd) (width 0.05))
    (fp_line (start 0.91 -0.46) (end 0.91 0.46) (layer F.CrtYd) (width 0.05))
    (fp_line (start 0.91 0.46) (end -0.91 0.46) (layer F.CrtYd) (width 0.05))
    (fp_text user %R (at 0 0 90) (layer F.Fab)
      (effects (font (size 0.25 0.25) (thickness 0.04)))
    )
    (pad 2 smd roundrect (at 0.48 0 90) (size 0.56 0.62) (layers F.Cu F.Paste F.Mask) (roundrect_rratio 0.25)
      (net 85 LED_5V))
    (pad 1 smd roundrect (at -0.48 0 90) (size 0.56 0.62) (layers F.Cu F.Paste F.Mask) (roundrect_rratio 0.25)
      (net 84 LED_GND))
    (model ${KISYS3DMOD}/Capacitor_SMD.3dshapes/C_0402_1005Metric.wrl
      (at (xyz 0 0 0))
      (scale (xyz 1 1 1))
      (rotate (xyz 0 0 0))
    )
  )

  (module Capacitor_SMD:C_0402_1005Metric (layer F.Cu) (tedit 5F68FEEE) (tstamp 6131F263)
    (at 315.6712 20.710525 90)
    (descr "Capacitor SMD 0402 (1005 Metric), square (rectangular) end terminal, IPC_7351 nominal, (Body size source: IPC-SM-782 page 76, https://www.pcb-3d.com/wordpress/wp-content/uploads/ipc-sm-782a_amendment_1_and_2.pdf), generated with kicad-footprint-generator")
    (tags capacitor)
    (path /6096EA02/6146D8CF)
    (attr smd)
    (fp_text reference C70 (at 0 -1.16 90) (layer F.SilkS)
      (effects (font (size 1 1) (thickness 0.15)))
    )
    (fp_text value "C104  0.1uF 100nF" (at 0 1.16 90) (layer F.Fab)
      (effects (font (size 1 1) (thickness 0.15)))
    )
    (fp_line (start -0.5 0.25) (end -0.5 -0.25) (layer F.Fab) (width 0.1))
    (fp_line (start -0.5 -0.25) (end 0.5 -0.25) (layer F.Fab) (width 0.1))
    (fp_line (start 0.5 -0.25) (end 0.5 0.25) (layer F.Fab) (width 0.1))
    (fp_line (start 0.5 0.25) (end -0.5 0.25) (layer F.Fab) (width 0.1))
    (fp_line (start -0.107836 -0.36) (end 0.107836 -0.36) (layer F.SilkS) (width 0.12))
    (fp_line (start -0.107836 0.36) (end 0.107836 0.36) (layer F.SilkS) (width 0.12))
    (fp_line (start -0.91 0.46) (end -0.91 -0.46) (layer F.CrtYd) (width 0.05))
    (fp_line (start -0.91 -0.46) (end 0.91 -0.46) (layer F.CrtYd) (width 0.05))
    (fp_line (start 0.91 -0.46) (end 0.91 0.46) (layer F.CrtYd) (width 0.05))
    (fp_line (start 0.91 0.46) (end -0.91 0.46) (layer F.CrtYd) (width 0.05))
    (fp_text user %R (at 0 0 90) (layer F.Fab)
      (effects (font (size 0.25 0.25) (thickness 0.04)))
    )
    (pad 2 smd roundrect (at 0.48 0 90) (size 0.56 0.62) (layers F.Cu F.Paste F.Mask) (roundrect_rratio 0.25)
      (net 85 LED_5V))
    (pad 1 smd roundrect (at -0.48 0 90) (size 0.56 0.62) (layers F.Cu F.Paste F.Mask) (roundrect_rratio 0.25)
      (net 84 LED_GND))
    (model ${KISYS3DMOD}/Capacitor_SMD.3dshapes/C_0402_1005Metric.wrl
      (at (xyz 0 0 0))
      (scale (xyz 1 1 1))
      (rotate (xyz 0 0 0))
    )
  )

  (module Capacitor_SMD:C_0402_1005Metric (layer F.Cu) (tedit 5F68FEEE) (tstamp 6131F252)
    (at 315.6712 43.93565 90)
    (descr "Capacitor SMD 0402 (1005 Metric), square (rectangular) end terminal, IPC_7351 nominal, (Body size source: IPC-SM-782 page 76, https://www.pcb-3d.com/wordpress/wp-content/uploads/ipc-sm-782a_amendment_1_and_2.pdf), generated with kicad-footprint-generator")
    (tags capacitor)
    (path /6096EA02/6146D8C9)
    (attr smd)
    (fp_text reference C65 (at 0 -1.16 90) (layer F.SilkS)
      (effects (font (size 1 1) (thickness 0.15)))
    )
    (fp_text value "C104  0.1uF 100nF" (at 0 1.16 90) (layer F.Fab)
      (effects (font (size 1 1) (thickness 0.15)))
    )
    (fp_line (start -0.5 0.25) (end -0.5 -0.25) (layer F.Fab) (width 0.1))
    (fp_line (start -0.5 -0.25) (end 0.5 -0.25) (layer F.Fab) (width 0.1))
    (fp_line (start 0.5 -0.25) (end 0.5 0.25) (layer F.Fab) (width 0.1))
    (fp_line (start 0.5 0.25) (end -0.5 0.25) (layer F.Fab) (width 0.1))
    (fp_line (start -0.107836 -0.36) (end 0.107836 -0.36) (layer F.SilkS) (width 0.12))
    (fp_line (start -0.107836 0.36) (end 0.107836 0.36) (layer F.SilkS) (width 0.12))
    (fp_line (start -0.91 0.46) (end -0.91 -0.46) (layer F.CrtYd) (width 0.05))
    (fp_line (start -0.91 -0.46) (end 0.91 -0.46) (layer F.CrtYd) (width 0.05))
    (fp_line (start 0.91 -0.46) (end 0.91 0.46) (layer F.CrtYd) (width 0.05))
    (fp_line (start 0.91 0.46) (end -0.91 0.46) (layer F.CrtYd) (width 0.05))
    (fp_text user %R (at 0 0 90) (layer F.Fab)
      (effects (font (size 0.25 0.25) (thickness 0.04)))
    )
    (pad 2 smd roundrect (at 0.48 0 90) (size 0.56 0.62) (layers F.Cu F.Paste F.Mask) (roundrect_rratio 0.25)
      (net 85 LED_5V))
    (pad 1 smd roundrect (at -0.48 0 90) (size 0.56 0.62) (layers F.Cu F.Paste F.Mask) (roundrect_rratio 0.25)
      (net 84 LED_GND))
    (model ${KISYS3DMOD}/Capacitor_SMD.3dshapes/C_0402_1005Metric.wrl
      (at (xyz 0 0 0))
      (scale (xyz 1 1 1))
      (rotate (xyz 0 0 0))
    )
  )

  (module CHGRAY_LED:LED_WS2812-2020 locked (layer F.Cu) (tedit 60C533A2) (tstamp 613039B9)
    (at 369.1636 24.2824)
    (path /6096EA02/613655B9)
    (attr smd)
    (fp_text reference D154 (at 0 -2.04) (layer F.Fab)
      (effects (font (size 1 1) (thickness 0.15)))
    )
    (fp_text value LED (at 0.14 2.32) (layer F.Fab)
      (effects (font (size 1 1) (thickness 0.15)))
    )
    (fp_line (start -1.515 -1.25) (end -1.515 1.25) (layer F.CrtYd) (width 0.12))
    (fp_line (start -1.515 1.25) (end 1.515 1.25) (layer F.CrtYd) (width 0.12))
    (fp_line (start 1.515 1.25) (end 1.515 -1.25) (layer F.CrtYd) (width 0.12))
    (fp_line (start 1.51 -1.25) (end -1.515 -1.25) (layer F.CrtYd) (width 0.12))
    (fp_text user DO (at 2.667 0.635) (layer F.SilkS)
      (effects (font (size 1 1) (thickness 0.15)))
    )
    (fp_text user GND (at 3.302 -0.635) (layer F.SilkS)
      (effects (font (size 1 1) (thickness 0.15)))
    )
    (fp_text user VDD (at -3.048 0.635) (layer F.SilkS)
      (effects (font (size 1 1) (thickness 0.15)))
    )
    (fp_text user DI (at -2.286 -0.762) (layer F.SilkS)
      (effects (font (size 1 1) (thickness 0.15)))
    )
    (pad 3 smd rect (at 0.915 -0.55) (size 0.7 0.7) (layers F.Cu F.Paste F.Mask)
      (net 84 LED_GND))
    (pad 2 smd rect (at 0.915 0.55) (size 0.7 0.7) (layers F.Cu F.Paste F.Mask)
      (net 176 "Net-(D154-Pad2)"))
    (pad 1 smd rect (at -0.915 0.55) (size 0.7 0.7) (layers F.Cu F.Paste F.Mask)
      (net 85 LED_5V))
    (pad 4 smd rect (at -0.915 -0.55) (size 0.7 0.7) (layers F.Cu F.Paste F.Mask)
      (net 171 "Net-(D149-Pad2)"))
  )

  (module Capacitor_SMD:C_0402_1005Metric (layer F.Cu) (tedit 5F68FEEE) (tstamp 61301C91)
    (at 315.6712 22.8219 90)
    (descr "Capacitor SMD 0402 (1005 Metric), square (rectangular) end terminal, IPC_7351 nominal, (Body size source: IPC-SM-782 page 76, https://www.pcb-3d.com/wordpress/wp-content/uploads/ipc-sm-782a_amendment_1_and_2.pdf), generated with kicad-footprint-generator")
    (tags capacitor)
    (path /6096EA02/613655BF)
    (attr smd)
    (fp_text reference C60 (at 0 -1.16 90) (layer F.SilkS)
      (effects (font (size 1 1) (thickness 0.15)))
    )
    (fp_text value "C104  0.1uF 100nF" (at 0 1.16 90) (layer F.Fab)
      (effects (font (size 1 1) (thickness 0.15)))
    )
    (fp_line (start 0.91 0.46) (end -0.91 0.46) (layer F.CrtYd) (width 0.05))
    (fp_line (start 0.91 -0.46) (end 0.91 0.46) (layer F.CrtYd) (width 0.05))
    (fp_line (start -0.91 -0.46) (end 0.91 -0.46) (layer F.CrtYd) (width 0.05))
    (fp_line (start -0.91 0.46) (end -0.91 -0.46) (layer F.CrtYd) (width 0.05))
    (fp_line (start -0.107836 0.36) (end 0.107836 0.36) (layer F.SilkS) (width 0.12))
    (fp_line (start -0.107836 -0.36) (end 0.107836 -0.36) (layer F.SilkS) (width 0.12))
    (fp_line (start 0.5 0.25) (end -0.5 0.25) (layer F.Fab) (width 0.1))
    (fp_line (start 0.5 -0.25) (end 0.5 0.25) (layer F.Fab) (width 0.1))
    (fp_line (start -0.5 -0.25) (end 0.5 -0.25) (layer F.Fab) (width 0.1))
    (fp_line (start -0.5 0.25) (end -0.5 -0.25) (layer F.Fab) (width 0.1))
    (fp_text user %R (at 0 0 90) (layer F.Fab)
      (effects (font (size 0.25 0.25) (thickness 0.04)))
    )
    (pad 2 smd roundrect (at 0.48 0 90) (size 0.56 0.62) (layers F.Cu F.Paste F.Mask) (roundrect_rratio 0.25)
      (net 85 LED_5V))
    (pad 1 smd roundrect (at -0.48 0 90) (size 0.56 0.62) (layers F.Cu F.Paste F.Mask) (roundrect_rratio 0.25)
      (net 84 LED_GND))
    (model ${KISYS3DMOD}/Capacitor_SMD.3dshapes/C_0402_1005Metric.wrl
      (at (xyz 0 0 0))
      (scale (xyz 1 1 1))
      (rotate (xyz 0 0 0))
    )
  )

  (module CHGRAY_LED:LED_WS2812-2020 locked (layer F.Cu) (tedit 60C533A2) (tstamp 612F7C5F)
    (at 350.2666 24.2404)
    (path /6096EA02/61325284)
    (attr smd)
    (fp_text reference D149 (at 0 -2.04) (layer F.Fab)
      (effects (font (size 1 1) (thickness 0.15)))
    )
    (fp_text value LED (at 0.14 2.32) (layer F.Fab)
      (effects (font (size 1 1) (thickness 0.15)))
    )
    (fp_line (start 1.51 -1.25) (end -1.515 -1.25) (layer F.CrtYd) (width 0.12))
    (fp_line (start 1.515 1.25) (end 1.515 -1.25) (layer F.CrtYd) (width 0.12))
    (fp_line (start -1.515 1.25) (end 1.515 1.25) (layer F.CrtYd) (width 0.12))
    (fp_line (start -1.515 -1.25) (end -1.515 1.25) (layer F.CrtYd) (width 0.12))
    (fp_text user DO (at 2.667 0.635) (layer F.SilkS)
      (effects (font (size 1 1) (thickness 0.15)))
    )
    (fp_text user GND (at 3.302 -0.635) (layer F.SilkS)
      (effects (font (size 1 1) (thickness 0.15)))
    )
    (fp_text user VDD (at -3.048 0.635) (layer F.SilkS)
      (effects (font (size 1 1) (thickness 0.15)))
    )
    (fp_text user DI (at -2.286 -0.762) (layer F.SilkS)
      (effects (font (size 1 1) (thickness 0.15)))
    )
    (pad 3 smd rect (at 0.915 -0.55) (size 0.7 0.7) (layers F.Cu F.Paste F.Mask)
      (net 84 LED_GND))
    (pad 2 smd rect (at 0.915 0.55) (size 0.7 0.7) (layers F.Cu F.Paste F.Mask)
      (net 171 "Net-(D149-Pad2)"))
    (pad 1 smd rect (at -0.915 0.55) (size 0.7 0.7) (layers F.Cu F.Paste F.Mask)
      (net 85 LED_5V))
    (pad 4 smd rect (at -0.915 -0.55) (size 0.7 0.7) (layers F.Cu F.Paste F.Mask)
      (net 166 "Net-(D144-Pad2)"))
  )

  (module CHGRAY_LED:LED_WS2812-2020 (layer F.Cu) (tedit 60C533A2) (tstamp 612F7C4F)
    (at 268.9866 24.2404)
    (path /6096EA02/6132527E)
    (attr smd)
    (fp_text reference D144 (at 0 -2.04) (layer F.Fab)
      (effects (font (size 1 1) (thickness 0.15)))
    )
    (fp_text value LED (at 0.14 2.32) (layer F.Fab)
